100
25
25
125
1
2
1000
5
60
65
10
0.67
0.8
15
1
100

0	21.14	4.71	29.93	23.55	34.8	34.99	31.93	1.68	3.44	15.98	26.54	32.72	20.38	41	35.92	48.43	26.57	16.26	5.28	30.55	38.94	21.17	4.54	13.32	7.68	0.7	1.1	1.32	1.14	2.19	1.3	2.36	1.59	2.39	0.6	1.69	0.72	1.68	1.74	0.17	0.64	0.56	1.67	2.11	0.86	1.95	1.69	0.02	1.51	0.97	2.29	0	1.16	1.06	1.15	1.93	0.81	1.96	1.18	0.09	0.44	1.8	1.18	0.38	0.85	1.52	0.48	1.85	0.61	2.29	0.67	1.91	0.47	0.72	0.23	1.44	1.71	1.37	1.06	1.61	1.62	1.7	1.59	2.36	0.52	1.77	0.59	0.3	1.52	1.13	1.15	1.65	1.93	0.88	1.66	1.04	2.1	2.08	0.64	1.53

0	0.25	0.25	0.25	0.25	0.25	0.25	0.25	0.25	0.25	0.25	0.25	0.25	0.25	0.25	0.25	0.25	0.25	0.25	0.25	0.25	0.25	0.25	0.25	0.25	0.25	0.08	0.08	0.08	0.08	0.08	0.08	0.08	0.08	0.08	0.08	0.08	0.08	0.08	0.08	0.08	0.08	0.08	0.08	0.08	0.08	0.08	0.08	0.08	0.08	0.08	0.08	0.08	0.08	0.08	0.08	0.08	0.08	0.08	0.08	0.08	0.08	0.08	0.08	0.08	0.08	0.08	0.08	0.08	0.08	0.08	0.08	0.08	0.08	0.08	0.08	0.08	0.08	0.08	0.08	0.08	0.08	0.08	0.08	0.08	0.08	0.08	0.08	0.08	0.08	0.08	0.08	0.08	0.08	0.08	0.08	0.08	0.08	0.08	0.08	0.08

0	18.9	2.83	14.93	24.47	2.17	19.13	2.53	20.73	24.57	9.77	0.4	17.7	21.5	6.77	9.43	22.27	2.17	12.3	5.7	8.7	5.67	15	18.2	25.63	15.83	12.83	18.03	21.57	0.33	12.27	1.03	5.97	9.27	15.83	20.7	9.5	14.97	24.77	2.27	15.27	3.63	18.7	11.93	18.73	18.5	12.9	3.3	35.13	11.97	24.23	21.7	0.5	0.67	15.93	1.17	5.53	27.17	24.4	30.53	21.07	12.77	30.4	27.53	30.47	5.77	15.7	8.73	33.23	3.17	21.07	27.07	17.8	22.17	1	3.17	1.57	8.8	12.8	2.9	25.03	27.87	27.5	1	14.93	30.4	0.53	8.83	5.63	11.9	8.5	21.73	11.77	15.97	6.53	9.53	33.37	6.67	6.2	18.9	24.17

41.2	20.8	4.8	16.97	25.9	4.8	21.43	4.3	23.37	26.73	12	2.57	20.33	23.6	8.67	11.47	24.37	4.87	14	7.27	10.53	7.5	16.83	19.77	27.33	17.6	14.53	20	24.2	2.43	14.7	3.33	8.47	11.5	17.27	23.4	11.2	16.8	27.33	4.97	17.43	5.67	20.73	13.5	20.97	20.4	15.2	4.93	37.57	13.73	26.07	24.67	2.23	2.8	18.37	2.9	7.83	29.33	25.9	32.3	23.1	14.47	32.3	29.17	32.17	7.93	17.8	10.57	35.6	5.27	23.1	29.43	20.17	23.87	2.8	5.2	4.13	10.7	14.3	5.27	27.2	29.63	29	3.07	16.83	32.23	2.67	11.27	7.47	13.67	10.8	24.03	13.73	17.4	7.97	11.57	35.53	7.9	8.57	20.67	26.2

0	15	10	10	9	5	23	6	7	11	24	6	10	12	22	17	23	6	14	7	7	6	11	8	24	19	15	10	17	4	21	14	17	19	20	7	19	9	15	9	13	21	19	7	17	13	25	16	9	10	7	13	6	9	24	12	8	11	6	7	10	16	10	8	4	11	16	9	7	13	11	5	8	14	15	17	20	9	17	14	13	10	9	15	8	8	8	13	6	7	7	17	10	17	18	17	9	15	14	18	12
15	0	25	15	20	10	35	18	12	26	35	18	22	27	34	5	34	21	29	19	10	21	23	11	35	20	27	15	32	12	36	5	15	17	35	22	34	10	30	16	28	33	34	9	25	28	37	16	14	16	22	23	21	24	36	24	16	13	13	19	21	3	12	19	13	26	26	20	22	24	15	12	21	2	30	32	32	17	19	5	3	25	24	18	20	23	15	28	11	19	21	22	21	2	33	28	13	7	26	21	14
10	25	0	20	15	15	16	11	14	2	17	11	14	2	15	27	16	12	4	10	15	12	13	14	17	25	25	20	14	14	11	24	24	25	10	13	9	15	12	19	3	15	12	17	27	3	19	23	19	20	12	23	11	2	18	22	18	21	13	14	14	26	20	13	13	1	26	12	10	21	21	14	14	24	9	10	14	19	24	24	23	4	12	21	15	11	18	3	15	14	14	24	11	27	10	24	19	25	23	25	22
10	15	20	0	6	8	20	9	10	20	23	9	8	21	21	10	20	16	23	10	9	15	9	10	21	21	13	1	26	6	30	10	20	21	30	16	29	11	25	1	22	21	28	10	11	22	23	19	1	2	16	9	15	18	22	9	2	2	9	6	7	12	3	7	7	20	12	8	16	10	2	8	16	13	24	26	20	3	20	10	12	20	18	17	14	17	2	22	9	13	15	20	9	13	27	14	2	8	12	21	3
9	20	15	6	0	14	15	5	15	16	19	4	2	17	17	15	14	13	19	5	15	14	3	16	15	27	10	5	22	12	26	15	25	27	25	15	24	17	20	5	18	16	24	15	12	18	17	24	7	5	14	8	13	14	16	7	4	7	14	2	1	18	9	3	13	16	11	4	12	6	6	13	16	19	20	22	15	4	25	16	18	15	14	23	17	13	6	18	14	16	15	25	5	19	23	9	8	14	8	26	7
5	10	15	8	14	0	28	11	2	16	29	11	15	17	27	12	28	11	19	12	2	11	16	3	29	14	20	9	22	2	26	9	12	14	25	12	24	4	20	9	18	26	24	2	19	18	30	11	7	9	12	16	11	14	29	17	10	7	3	12	15	11	5	13	3	16	20	14	12	18	8	2	11	9	20	22	25	10	12	9	8	15	14	10	10	13	8	18	1	9	11	12	15	12	23	22	6	10	19	13	7
23	35	16	20	15	28	0	17	30	18	4	17	13	18	3	30	1	28	13	16	29	28	12	30	3	41	25	20	30	26	26	30	40	41	26	29	25	31	28	19	16	2	28	30	26	17	3	39	21	19	28	22	27	18	2	21	19	22	29	16	14	32	23	16	27	16	25	15	26	21	20	28	30	33	25	26	3	18	40	30	32	20	28	37	31	27	20	14	29	30	30	40	14	33	26	23	22	28	22	41	21
6	18	11	9	5	11	17	0	13	11	18	1	4	13	16	16	17	11	14	1	13	12	5	14	18	25	15	10	18	10	22	13	23	25	21	13	20	15	16	8	14	15	19	13	16	14	19	22	8	9	12	12	11	9	18	11	7	10	12	3	4	16	10	2	10	11	15	3	10	11	10	11	14	16	15	18	14	8	23	14	15	11	11	21	14	11	7	13	12	13	13	23	4	16	18	13	9	15	12	24	11
7	12	14	10	15	2	30	13	0	14	30	13	17	15	29	14	29	10	17	14	2	9	18	1	30	12	22	10	20	4	24	10	10	12	24	10	23	2	19	11	16	28	22	4	20	16	32	9	9	11	10	18	9	12	31	19	11	8	1	14	16	13	7	14	3	14	21	15	10	19	10	2	10	10	18	20	27	12	10	11	9	14	12	8	8	11	10	16	1	7	9	10	16	14	21	23	8	12	21	11	9
11	26	2	20	16	16	18	11	14	0	19	12	14	2	17	27	18	10	5	11	16	11	13	15	19	24	26	21	12	14	11	24	22	24	10	12	9	16	10	19	3	16	10	17	27	3	20	21	19	20	11	23	10	2	19	22	18	21	13	14	15	27	21	13	13	2	26	12	9	22	21	14	13	24	8	9	15	19	22	25	23	2	10	20	13	10	18	4	15	12	12	22	11	27	8	24	20	26	23	23	22
24	35	17	23	19	29	4	18	30	19	0	18	17	19	2	30	5	28	14	17	30	29	16	31	7	42	29	24	30	27	26	30	40	42	27	30	26	32	29	22	16	3	29	30	30	18	2	39	22	23	29	26	28	19	3	25	21	24	29	17	18	33	24	16	28	17	29	15	27	25	24	28	31	34	26	27	4	22	40	31	33	20	29	38	32	28	21	15	29	31	30	40	14	34	26	27	23	29	26	41	25
6	18	11	9	4	11	17	1	13	12	18	0	5	13	16	16	17	11	15	1	12	11	6	13	18	24	14	9	18	9	22	13	23	24	21	12	20	14	16	8	14	16	20	13	16	14	20	22	8	9	11	12	10	10	19	11	7	10	12	3	4	15	9	2	10	12	15	3	9	10	10	11	13	16	16	18	15	8	23	13	15	11	11	20	14	10	7	14	12	13	13	23	4	16	19	13	8	14	12	24	11
10	22	14	8	2	15	13	4	17	14	17	5	0	15	15	17	13	15	17	4	17	16	1	18	14	29	12	7	20	14	24	17	27	29	24	17	23	19	19	7	16	15	22	17	14	16	15	26	9	6	16	9	15	12	14	9	6	9	16	4	1	20	10	3	14	14	13	2	14	8	8	15	18	20	18	20	14	5	27	18	19	14	15	25	18	15	8	16	16	17	17	27	3	20	21	11	9	15	10	28	9
12	27	2	21	17	17	18	13	15	2	19	13	15	0	17	29	18	10	5	12	17	11	14	16	19	24	27	22	12	15	9	25	22	24	9	12	8	17	10	20	3	16	10	19	29	1	20	21	20	21	11	24	10	4	19	24	20	23	14	15	16	28	22	15	15	2	28	14	9	23	23	15	13	25	8	9	15	20	22	26	24	2	10	20	13	10	19	4	16	12	12	22	13	29	8	26	21	27	25	23	24
22	34	15	21	17	27	3	16	29	17	2	16	15	17	0	29	3	27	12	15	28	27	14	29	5	40	27	22	29	25	25	29	39	40	25	28	24	30	27	20	15	1	27	29	29	16	4	38	20	21	27	24	26	17	3	24	20	23	28	15	16	31	22	15	26	15	28	14	25	23	23	27	29	32	24	25	2	20	39	29	31	19	27	36	30	26	19	13	28	29	29	39	13	32	25	26	21	27	25	40	24
17	5	27	10	15	12	30	16	14	27	30	16	17	29	29	0	29	23	30	17	12	22	18	13	30	22	22	10	34	14	38	4	17	19	37	23	36	12	32	11	30	28	35	10	20	30	32	18	9	11	24	18	23	25	31	19	11	8	15	14	16	3	7	14	14	27	21	15	24	19	10	14	23	4	31	34	27	12	20	3	5	27	25	19	22	25	10	29	13	21	22	24	16	4	34	23	8	2	21	23	9
23	34	16	20	14	28	1	17	29	18	5	17	13	18	3	29	0	27	13	16	29	28	12	30	3	41	24	19	29	26	25	29	39	41	26	29	25	31	28	19	15	2	28	29	26	17	3	38	21	19	28	22	27	18	2	21	18	21	28	16	13	32	23	15	27	16	25	14	26	20	20	27	30	33	25	26	3	18	39	30	32	19	28	37	31	27	20	14	28	30	29	39	13	33	25	23	22	28	22	40	21
6	21	12	16	13	11	28	11	10	10	28	11	15	10	27	23	27	0	15	12	11	1	16	10	28	14	21	16	11	10	15	20	12	14	14	2	13	11	9	15	12	26	13	13	23	11	30	11	15	16	1	19	1	10	29	18	14	17	9	12	14	22	16	12	9	12	22	13	2	17	17	10	3	20	9	11	25	15	12	20	19	8	3	10	4	2	14	14	11	3	2	12	14	23	12	21	15	21	19	13	18
14	29	4	23	19	19	13	14	17	5	14	15	17	5	12	30	13	15	0	14	19	16	16	18	14	29	29	24	17	17	13	27	27	29	14	17	13	19	15	22	3	11	15	20	30	4	15	26	22	23	16	26	15	5	14	25	21	24	16	17	18	30	24	16	16	3	29	15	14	25	24	17	18	27	13	14	10	22	27	28	26	7	15	25	18	15	21	1	18	17	17	27	14	30	13	27	23	29	26	28	25
7	19	10	10	5	12	16	1	14	11	17	1	4	12	15	17	16	12	14	0	13	12	5	14	17	25	15	10	17	10	21	14	24	25	20	13	19	15	15	9	13	15	19	14	17	13	19	23	9	10	12	13	11	9	18	12	8	11	13	4	4	16	10	3	11	11	16	2	10	11	11	12	14	17	15	17	14	9	24	14	16	10	12	21	15	11	8	13	13	14	14	24	3	17	18	14	9	15	13	25	12
7	10	15	9	15	2	29	13	2	16	30	12	17	17	28	12	29	11	19	13	0	11	18	1	30	12	22	10	22	3	26	9	11	12	25	12	24	2	20	10	18	28	24	2	20	18	32	10	8	11	12	18	11	14	31	18	11	8	3	13	16	11	7	14	3	16	21	15	12	19	9	2	11	9	20	22	27	12	11	9	8	15	14	8	10	13	9	18	1	9	11	12	16	12	23	23	8	10	21	12	8
6	21	12	15	14	11	28	12	9	11	29	11	16	11	27	22	28	1	16	12	11	0	17	10	29	13	21	16	12	9	16	19	12	13	15	1	14	11	10	14	13	27	13	12	22	12	31	11	14	15	2	18	1	11	30	17	13	16	8	12	15	22	16	13	8	13	21	14	2	18	16	9	2	19	9	12	26	14	12	20	18	9	3	9	3	3	13	15	10	2	2	12	15	22	12	22	15	21	20	13	17
11	23	13	9	3	16	12	5	18	13	16	6	1	14	14	18	12	16	16	5	18	17	0	19	13	30	13	8	19	15	23	18	28	30	23	18	22	20	18	8	15	14	21	18	15	15	14	27	10	7	17	10	16	11	13	10	7	10	17	5	2	21	11	4	15	13	14	3	15	9	9	16	19	21	17	19	13	6	28	19	20	13	16	26	19	16	9	15	17	18	18	28	2	21	20	12	10	16	11	29	10
8	11	14	10	16	3	30	14	1	15	31	13	18	16	29	13	30	10	18	14	1	10	19	0	31	11	23	11	21	4	25	10	10	11	24	11	23	1	19	11	17	29	23	3	21	17	33	9	9	12	11	19	10	13	32	19	12	9	2	14	17	12	8	15	4	15	22	16	11	20	10	3	10	10	19	21	28	13	10	10	9	14	13	7	9	12	10	17	2	8	10	11	17	13	22	24	9	11	22	11	9
24	35	17	21	15	29	3	18	30	19	7	18	14	19	5	30	3	28	14	17	30	29	13	31	0	42	22	20	30	27	26	30	40	42	27	30	26	32	29	20	16	5	29	30	24	18	5	39	22	20	29	19	28	19	4	19	19	22	29	17	14	33	24	16	28	17	23	15	27	18	21	28	31	34	26	27	4	19	40	31	33	20	29	38	32	28	21	15	29	31	30	40	14	34	26	21	23	29	20	41	22
19	20	25	21	27	14	41	25	12	24	42	24	29	24	40	22	41	14	29	25	12	13	30	11	42	0	34	22	12	15	16	19	5	4	15	12	16	10	14	22	26	40	14	12	32	25	44	4	20	23	13	30	14	24	43	30	23	20	13	25	28	21	19	26	15	26	33	27	15	31	21	14	11	19	16	15	39	24	2	19	18	22	14	4	11	14	21	28	13	12	12	2	28	22	16	35	20	20	33	1	20
15	27	25	13	10	20	25	15	22	26	29	14	12	27	27	22	24	21	29	15	22	21	13	23	22	34	0	12	32	19	36	22	32	34	35	22	34	24	30	12	28	26	34	22	2	28	27	31	14	11	22	4	21	24	26	4	11	14	21	12	11	25	15	13	19	26	1	14	22	4	13	20	23	25	30	32	25	10	32	23	24	25	24	30	23	23	13	28	21	22	22	32	15	25	33	2	14	20	3	33	14
10	15	20	1	5	9	20	10	10	21	24	9	7	22	22	10	19	16	24	10	10	16	8	11	20	22	12	0	27	7	31	10	20	22	30	17	29	12	25	2	23	21	29	10	10	23	22	19	2	1	17	8	16	19	21	9	3	2	9	7	6	13	4	8	8	21	11	9	17	9	1	8	16	14	25	27	20	2	20	11	13	20	19	18	15	18	3	23	9	14	16	20	10	14	28	13	3	9	11	21	2
17	32	14	26	22	22	30	18	20	12	30	18	20	12	29	34	29	11	17	17	22	12	19	21	30	12	32	27	0	20	4	30	17	15	4	11	5	22	2	25	14	28	2	24	34	13	32	16	25	26	10	29	11	12	31	29	25	28	19	20	21	33	27	20	20	14	33	19	10	28	28	20	11	30	5	4	27	25	14	31	29	10	9	15	12	9	24	16	21	13	12	10	18	34	4	31	26	32	30	11	29
4	12	14	6	12	2	26	10	4	14	27	9	14	15	25	14	26	10	17	10	3	9	15	4	27	15	19	7	20	0	24	10	14	15	24	10	23	5	19	7	16	25	22	4	17	16	29	13	5	8	10	15	9	12	28	15	8	8	3	10	13	13	7	11	1	14	18	12	10	16	8	2	10	10	18	20	24	9	14	11	9	14	12	11	8	11	6	16	3	7	9	14	13	14	21	20	6	12	18	15	9
21	36	11	30	26	26	26	22	24	11	26	22	24	9	25	38	25	15	13	21	26	16	23	25	26	16	36	31	4	24	0	34	21	19	1	15	2	26	6	29	10	24	3	28	38	9	28	20	29	30	14	33	15	13	27	33	29	32	23	24	25	37	31	24	24	11	37	23	14	32	32	24	15	34	7	4	23	29	18	35	33	11	13	19	16	13	28	12	25	17	16	14	22	38	4	35	30	36	34	15	33
14	5	24	10	15	9	30	13	10	24	30	13	17	25	29	4	29	20	27	14	9	19	18	10	30	19	22	10	30	10	34	0	14	15	34	20	33	9	29	11	26	28	32	7	20	26	32	15	9	11	20	18	19	22	31	19	11	8	11	14	16	3	7	14	11	24	21	15	20	19	10	10	20	4	28	30	27	12	17	1	3	24	22	16	18	21	10	26	9	17	19	20	16	4	31	23	8	2	21	19	9
17	15	24	20	25	12	40	23	10	22	40	23	27	22	39	17	39	12	27	24	11	12	28	10	40	5	32	20	17	14	21	14	0	2	20	11	19	9	15	21	24	38	19	10	30	23	42	1	19	21	12	28	13	22	41	29	21	18	11	24	26	16	17	24	13	24	31	25	14	29	20	12	10	14	15	17	37	22	4	14	13	20	12	3	9	13	20	26	11	10	10	7	26	17	18	33	18	15	31	6	19
19	17	25	21	27	14	41	25	12	24	42	24	29	24	40	19	41	14	29	25	12	13	30	11	42	4	34	22	15	15	19	15	2	0	19	12	18	10	14	22	26	40	17	12	32	25	44	3	20	23	13	30	14	24	43	30	23	20	13	25	28	18	19	26	15	26	33	27	15	31	21	14	11	15	16	15	39	24	2	16	14	22	14	4	11	14	21	28	13	12	12	5	28	19	16	35	20	17	33	4	20
20	35	10	30	25	25	26	21	24	10	27	21	24	9	25	37	26	14	14	20	25	15	23	24	27	15	35	30	4	24	1	34	20	19	0	14	1	25	5	29	11	25	2	27	37	10	29	19	29	30	14	33	15	12	28	32	28	31	23	24	24	36	30	23	23	11	36	22	14	31	31	24	14	34	6	4	24	29	17	34	33	10	12	18	16	13	28	13	25	17	15	14	21	37	3	34	29	35	33	15	32
7	22	13	16	15	12	29	13	10	12	30	12	17	12	28	23	29	2	17	13	12	1	18	11	30	12	22	17	11	10	15	20	11	12	14	0	13	12	9	15	14	28	12	13	23	13	32	10	15	16	1	19	2	12	31	18	14	17	9	13	16	23	17	14	9	14	22	15	3	19	17	10	1	20	8	11	27	15	11	21	19	10	2	8	2	2	14	16	11	3	1	11	16	23	11	23	16	22	21	12	18
19	34	9	29	24	24	25	20	23	9	26	20	23	8	24	36	25	13	13	19	24	14	22	23	26	16	34	29	5	23	2	33	19	18	1	13	0	24	4	28	10	24	3	26	36	9	28	18	28	29	13	32	14	11	27	31	27	30	22	23	23	35	29	22	22	10	35	21	13	30	30	23	13	33	5	3	23	28	16	33	32	9	11	17	15	12	27	12	24	16	14	15	20	36	2	33	28	34	32	16	31
9	10	15	11	17	4	31	15	2	16	32	14	19	17	30	12	31	11	19	15	2	11	20	1	32	10	24	12	22	5	26	9	9	10	25	12	24	0	20	12	18	30	24	2	22	18	34	8	10	13	12	20	11	14	33	20	13	10	3	15	18	11	9	16	5	16	23	17	12	21	11	4	11	9	20	22	29	14	9	9	8	15	14	8	10	13	11	18	3	9	11	12	18	12	23	25	10	10	23	11	10
15	30	12	25	20	20	28	16	19	10	29	16	19	10	27	32	28	9	15	15	20	10	18	19	29	14	30	25	2	19	6	29	15	14	5	9	4	20	0	24	13	26	4	22	32	11	30	14	24	25	9	28	10	10	29	27	23	26	18	19	19	31	25	18	18	12	31	17	9	26	26	19	9	29	3	2	25	24	12	29	28	9	7	13	11	8	23	14	20	12	10	12	16	32	3	29	24	30	28	13	27
9	16	19	1	5	9	19	8	11	19	22	8	7	20	20	11	19	15	22	9	10	14	8	11	20	22	12	2	25	7	29	11	21	22	29	15	28	12	24	0	21	20	27	11	10	21	22	20	2	1	15	8	14	17	21	8	1	3	10	5	6	13	4	6	8	19	11	7	15	9	3	9	15	14	23	25	19	2	21	11	13	19	17	18	13	16	1	21	10	12	14	21	8	14	26	13	3	9	11	22	4
13	28	3	22	18	18	16	14	16	3	16	14	16	3	15	30	15	12	3	13	18	13	15	17	16	26	28	23	14	16	10	26	24	26	11	14	10	18	13	21	0	14	13	20	30	2	18	23	21	22	13	25	12	5	17	25	21	24	15	16	17	29	23	16	16	3	29	15	11	24	24	16	15	26	10	11	13	21	24	27	25	4	13	22	16	12	20	2	17	15	14	24	14	30	10	27	22	28	26	25	25
21	33	15	21	16	26	2	15	28	16	3	16	15	16	1	28	2	26	11	15	28	27	14	29	5	40	26	21	28	25	24	28	38	40	25	28	24	30	26	20	14	0	26	28	28	15	4	37	20	21	27	24	26	16	3	23	19	22	27	15	15	31	21	14	25	14	27	13	25	22	22	26	29	31	24	25	1	20	38	29	30	18	26	36	29	26	19	12	27	28	28	38	12	31	24	25	20	26	24	39	23
19	34	12	28	24	24	28	19	22	10	29	20	22	10	27	35	28	13	15	19	24	13	21	23	29	14	34	29	2	22	3	32	19	17	2	12	3	24	4	27	13	26	0	25	35	11	30	18	27	28	12	31	13	10	29	30	26	29	21	22	23	35	29	21	21	12	34	20	12	30	29	22	13	32	4	2	25	27	15	33	31	9	10	16	14	11	26	14	23	15	13	12	19	35	3	32	28	34	31	13	30
7	9	17	10	15	2	30	13	4	17	30	13	17	19	29	10	29	13	20	14	2	12	18	3	30	12	22	10	24	4	28	7	10	12	27	13	26	2	22	11	20	28	25	0	20	20	32	9	9	11	14	18	13	15	31	19	11	8	5	14	16	10	7	14	4	17	21	15	14	19	10	4	13	7	21	24	27	12	10	8	6	17	15	9	12	15	10	19	3	11	12	14	16	10	24	23	8	9	21	13	9
17	25	27	11	12	19	26	16	20	27	30	16	14	29	29	20	26	23	30	17	20	22	15	21	24	32	2	10	34	17	38	20	30	32	37	23	36	22	32	10	30	28	35	20	0	30	29	29	12	10	24	5	23	25	28	5	9	12	19	14	13	23	14	14	18	27	1	15	24	6	11	18	23	24	31	34	27	9	30	21	23	27	25	28	22	25	11	29	19	21	22	30	16	24	34	3	13	19	4	31	12
13	28	3	22	18	18	17	14	16	3	18	14	16	1	16	30	17	11	4	13	18	12	15	17	18	25	28	23	13	16	9	26	23	25	10	13	9	18	11	21	2	15	11	20	30	0	19	22	21	22	12	25	11	5	18	25	21	24	15	16	17	29	23	16	16	3	29	15	10	24	24	16	14	26	9	10	14	21	23	27	25	3	11	21	14	11	20	3	17	13	13	23	14	30	9	27	22	28	26	24	25
25	37	19	23	17	30	3	19	32	20	2	20	15	20	4	32	3	30	15	19	32	31	14	33	5	44	27	22	32	29	28	32	42	44	29	32	28	34	30	22	18	4	30	32	29	19	0	41	24	21	31	24	30	20	1	24	21	24	31	19	16	35	25	18	29	18	28	17	29	23	23	30	33	35	28	29	5	20	42	33	34	22	30	40	33	30	23	16	31	32	32	42	16	35	28	26	24	30	25	43	24
16	16	23	19	24	11	39	22	9	21	39	22	26	21	38	18	38	11	26	23	10	11	27	9	39	4	31	19	16	13	20	15	1	3	19	10	18	8	14	20	23	37	18	9	29	22	41	0	18	20	11	27	12	21	40	28	20	17	10	23	25	17	16	23	12	23	30	24	13	28	19	11	9	15	14	16	36	21	3	15	14	19	11	2	8	12	19	25	10	9	9	6	25	18	17	32	17	16	30	5	18
9	14	19	1	7	7	21	8	9	19	22	8	9	20	20	9	21	15	22	9	8	14	10	9	22	20	14	2	25	5	29	9	19	20	29	15	28	10	24	2	21	20	27	9	12	21	24	18	0	3	15	10	14	17	23	10	3	3	8	5	8	11	2	6	6	19	13	7	15	11	3	7	15	12	23	25	19	4	19	9	11	19	17	16	13	16	1	21	8	12	14	19	8	12	26	15	1	7	13	20	4
10	16	20	2	5	9	19	9	11	20	23	9	6	21	21	11	19	16	23	10	11	15	7	12	20	23	11	1	26	8	30	11	21	23	30	16	29	13	25	1	22	21	28	11	10	22	21	20	3	0	16	7	15	18	20	8	2	3	10	6	6	14	4	7	8	20	11	8	16	9	2	9	16	14	24	26	20	1	21	12	13	20	18	19	14	17	2	22	10	13	15	21	9	14	27	13	3	9	10	22	3
7	22	12	16	14	12	28	12	10	11	29	11	16	11	27	24	28	1	16	12	12	2	17	11	29	13	22	17	10	10	14	20	12	13	14	1	13	12	9	15	13	27	12	14	24	12	31	11	15	16	0	19	1	11	30	19	15	18	9	12	15	23	17	13	10	13	23	14	2	18	18	10	2	20	8	10	26	15	12	21	19	9	2	9	3	1	14	15	11	3	2	12	15	24	11	22	16	22	20	13	19
13	23	23	9	8	16	22	12	18	23	26	12	9	24	24	18	22	19	26	13	18	18	10	19	19	30	4	8	29	15	33	18	28	30	33	19	32	20	28	8	25	24	31	18	5	25	24	27	10	7	19	0	18	21	23	1	7	10	17	9	9	21	11	10	15	23	4	11	19	2	9	16	19	21	27	29	23	6	28	19	20	23	21	26	19	20	9	25	17	18	18	28	12	21	30	6	10	16	3	29	10
6	21	11	15	13	11	27	11	9	10	28	10	15	10	26	23	27	1	15	11	11	1	16	10	28	14	21	16	11	9	15	19	13	14	15	2	14	11	10	14	12	26	13	13	23	11	30	12	14	15	1	18	0	10	29	18	14	17	8	11	14	22	16	12	9	12	22	13	1	17	17	9	3	19	9	11	25	14	13	20	18	8	3	10	4	2	13	14	10	3	3	13	14	23	12	21	15	21	19	14	18
9	24	2	18	14	14	18	9	12	2	19	10	12	4	17	25	18	10	5	9	14	11	11	13	19	24	24	19	12	12	13	22	22	24	12	12	11	14	10	17	5	16	10	15	25	5	20	21	17	18	11	21	10	0	19	20	16	19	11	12	13	25	19	11	11	2	24	10	9	20	19	12	13	22	8	9	15	17	22	23	21	2	10	20	13	10	16	4	13	12	12	22	9	25	9	22	18	24	21	23	20
24	36	18	22	16	29	2	18	31	19	3	19	14	19	3	31	2	29	14	18	31	30	13	32	4	43	26	21	31	28	27	31	41	43	28	31	27	33	29	21	17	3	29	31	28	18	1	40	23	20	30	23	29	19	0	23	20	23	30	18	15	34	24	17	28	17	27	16	28	22	22	29	32	34	27	28	4	19	41	32	33	21	29	39	32	29	22	15	30	31	31	41	15	34	27	25	23	29	24	42	23
12	24	22	9	7	17	21	11	19	22	25	11	9	24	24	19	21	18	25	12	18	17	10	19	19	30	4	9	29	15	33	19	29	30	32	18	31	20	27	8	25	23	30	19	5	25	24	28	10	8	19	1	18	20	23	0	8	11	18	9	8	21	12	9	16	22	4	10	19	1	9	17	19	22	26	29	22	7	29	19	21	22	20	26	20	20	9	24	18	19	19	29	11	22	29	5	11	17	3	30	10
8	16	18	2	4	10	19	7	11	18	21	7	6	20	20	11	18	14	21	8	11	13	7	12	19	23	11	3	25	8	29	11	21	23	28	14	27	13	23	1	21	19	26	11	9	21	21	20	3	2	15	7	14	16	20	8	0	3	10	5	5	14	5	5	9	18	10	6	15	8	3	9	14	15	22	25	18	1	21	12	14	18	16	19	13	16	2	20	10	12	13	21	7	15	25	12	4	10	10	22	4
11	13	21	2	7	7	22	10	8	21	24	10	9	23	23	8	21	17	24	11	8	16	10	9	22	20	14	2	28	8	32	8	18	20	31	17	30	10	26	3	24	22	29	8	12	24	24	17	3	3	18	10	17	19	23	11	3	0	9	8	8	11	2	8	8	21	13	9	18	11	2	8	17	12	25	28	21	4	18	9	11	21	19	16	16	19	4	23	7	15	16	18	10	12	28	15	2	7	13	19	1
6	13	13	9	14	3	29	12	1	13	29	12	16	14	28	15	28	9	16	13	3	8	17	2	29	13	21	9	19	3	23	11	11	13	23	9	22	3	18	10	15	27	21	5	19	15	31	10	8	10	9	17	8	11	30	18	10	9	0	13	15	14	8	13	2	13	20	14	9	18	9	1	9	11	17	19	26	11	11	12	10	13	11	9	7	10	9	15	2	6	8	11	15	15	20	22	7	13	20	12	10
7	19	14	6	2	12	16	3	14	14	17	3	4	15	15	14	16	12	17	4	13	12	5	14	17	25	12	7	20	10	24	14	24	25	24	13	23	15	19	5	16	15	22	14	14	16	19	23	5	6	12	9	11	12	18	9	5	8	13	0	3	16	7	1	11	14	13	2	10	8	8	12	14	17	18	20	14	5	24	14	16	14	12	21	15	11	4	16	13	14	14	24	3	17	21	11	6	12	10	25	9
10	21	14	7	1	15	14	4	16	15	18	4	1	16	16	16	13	14	18	4	16	15	2	17	14	28	11	6	21	13	25	16	26	28	24	16	23	18	19	6	17	15	23	16	13	17	16	25	8	6	15	9	14	13	15	8	5	8	15	3	0	19	10	2	14	15	12	3	13	7	7	14	17	20	19	21	14	5	26	17	19	14	15	24	18	14	7	17	15	17	16	26	4	20	22	10	9	15	9	27	8
16	3	26	12	18	11	32	16	13	27	33	15	20	28	31	3	32	22	30	16	11	22	21	12	33	21	25	13	33	13	37	3	16	18	36	23	35	11	31	13	29	31	35	10	23	29	35	17	11	14	23	21	22	25	34	21	14	11	14	16	19	0	10	17	14	27	24	18	23	22	12	13	22	3	31	33	30	15	20	2	4	26	25	19	21	24	12	29	12	20	22	23	19	1	34	26	11	5	24	22	11
10	12	20	3	9	5	23	10	7	21	24	9	10	22	22	7	23	16	24	10	7	16	11	8	24	19	15	4	27	7	31	7	17	19	30	17	29	9	25	4	23	21	29	7	14	23	25	16	2	4	17	11	16	19	24	12	5	2	8	7	10	10	0	8	8	21	15	9	17	13	3	7	16	10	25	27	20	5	17	8	9	20	19	15	15	18	3	23	6	14	16	17	10	10	28	17	1	5	14	18	2
8	19	13	7	3	13	16	2	14	13	16	2	3	15	15	14	15	12	16	3	14	13	4	15	16	26	13	8	20	11	24	14	24	26	23	14	22	16	18	6	16	14	21	14	14	16	18	23	6	7	13	10	12	11	17	9	5	8	13	1	2	17	8	0	12	13	13	1	11	9	8	12	15	18	17	20	13	6	24	15	17	13	13	22	16	12	5	15	13	15	14	24	2	18	20	11	7	13	10	25	9
4	13	13	7	13	3	27	10	3	13	28	10	14	15	26	14	27	9	16	11	3	8	15	4	28	15	19	8	20	1	24	11	13	15	23	9	22	5	18	8	16	25	21	4	18	16	29	12	6	8	10	15	9	11	28	16	9	8	2	11	14	14	8	12	0	13	19	13	10	17	8	1	9	11	17	20	24	9	13	12	10	13	11	11	8	11	7	15	2	7	8	13	14	14	20	21	7	13	18	14	9
11	26	1	20	16	16	16	11	14	2	17	12	14	2	15	27	16	12	3	11	16	13	13	15	17	26	26	21	14	14	11	24	24	26	11	14	10	16	12	19	3	14	12	17	27	3	18	23	19	20	13	23	12	2	17	22	18	21	13	14	15	27	21	13	13	0	26	12	11	22	21	14	15	24	10	11	13	19	24	25	23	4	12	22	15	12	18	2	15	14	14	24	11	27	10	24	20	26	23	25	22
16	26	26	12	11	20	25	15	21	26	29	15	13	28	28	21	25	22	29	16	21	21	14	22	23	33	1	11	33	18	37	21	31	33	36	22	35	23	31	11	29	27	34	21	1	29	28	30	13	11	23	4	22	24	27	4	10	13	20	13	12	24	15	13	19	26	0	14	23	5	12	19	22	25	30	33	26	10	31	22	24	26	24	29	23	24	12	28	20	22	21	31	15	25	33	2	14	20	3	32	13
9	20	12	8	4	14	15	3	15	12	15	3	2	14	14	15	14	13	15	2	15	14	3	16	15	27	14	9	19	12	23	15	25	27	22	15	21	17	17	7	15	13	20	15	15	15	17	24	7	8	14	11	13	10	16	10	6	9	14	2	3	18	9	1	13	12	14	0	12	10	9	13	16	19	16	19	12	7	25	16	18	12	14	23	17	13	6	14	14	16	15	25	1	19	19	12	8	14	11	26	10
7	22	10	16	12	12	26	10	10	9	27	9	14	9	25	24	26	2	14	10	12	2	15	11	27	15	22	17	10	10	14	20	14	15	14	3	13	12	9	15	11	25	12	14	24	10	29	13	15	16	2	19	1	9	28	19	15	18	9	10	13	23	17	11	10	11	23	12	0	18	18	10	4	20	8	10	24	15	14	21	19	7	2	11	5	1	14	13	11	4	4	14	13	24	11	21	16	22	20	15	19
13	24	21	10	6	18	21	11	19	22	25	10	8	23	23	19	20	17	25	11	19	18	9	20	18	31	4	9	28	16	32	19	29	31	31	19	30	21	26	9	24	22	30	19	6	24	23	28	11	9	18	2	17	20	22	1	8	11	18	8	7	22	13	9	17	22	5	10	18	0	10	17	20	23	26	28	21	8	29	20	22	21	20	27	21	19	10	24	18	20	19	29	11	23	29	4	12	18	2	30	11
11	15	21	2	6	8	20	10	10	21	24	10	8	23	23	10	20	17	24	11	9	16	9	10	21	21	13	1	28	8	32	10	20	21	31	17	30	11	26	3	24	22	29	10	11	24	23	19	3	2	18	9	17	19	22	9	3	2	9	8	7	12	3	8	8	21	12	9	18	10	0	8	17	13	25	28	21	3	20	10	12	21	19	17	16	19	4	23	9	15	16	20	10	13	28	14	2	8	12	21	1
5	12	14	8	13	2	28	11	2	14	28	11	15	15	27	14	27	10	17	12	2	9	16	3	28	14	20	8	20	2	24	10	12	14	24	10	23	4	19	9	16	26	22	4	18	16	30	11	7	9	10	16	9	12	29	17	9	8	1	12	14	13	7	12	1	14	19	13	10	17	8	0	10	10	18	20	25	10	12	11	9	14	12	10	8	11	8	16	1	7	9	12	14	14	21	21	6	12	19	13	9
8	21	14	16	16	11	30	14	10	13	31	13	18	13	29	23	30	3	18	14	11	2	19	10	31	11	23	16	11	10	15	20	10	11	14	1	13	11	9	15	15	29	13	13	23	14	33	9	15	16	2	19	3	13	32	19	14	17	9	14	17	22	16	15	9	15	22	16	4	20	17	10	0	20	9	11	28	15	10	20	19	11	3	7	2	3	14	17	11	3	1	10	17	23	12	24	15	21	22	11	18
14	2	24	13	19	9	33	16	10	24	34	16	20	25	32	4	33	20	27	17	9	19	21	10	34	19	25	14	30	10	34	4	14	15	34	20	33	9	29	14	26	31	32	7	24	26	35	15	12	14	20	21	19	22	34	22	15	12	11	17	20	3	10	18	11	24	25	19	20	23	13	10	20	0	28	30	30	15	17	3	1	24	22	16	18	21	13	26	9	17	19	20	20	4	31	27	11	5	24	19	12
15	30	9	24	20	20	25	15	18	8	26	16	18	8	24	31	25	9	13	15	20	9	17	19	26	16	30	25	5	18	7	28	15	16	6	8	5	20	3	23	10	24	4	21	31	9	28	14	23	24	8	27	9	8	27	26	22	25	17	18	19	31	25	17	17	10	30	16	8	26	25	18	9	28	0	3	23	23	15	29	27	6	6	12	10	7	22	12	19	11	9	15	15	31	3	28	24	30	27	16	26
17	32	10	26	22	22	26	18	20	9	27	18	20	9	25	34	26	11	14	17	22	12	19	21	27	15	32	27	4	20	4	30	17	15	4	11	3	22	2	25	11	25	2	24	34	10	29	16	25	26	10	29	11	9	28	29	25	28	19	20	21	33	27	20	20	11	33	19	10	28	28	20	11	30	3	0	24	25	14	31	29	7	9	15	12	9	24	13	21	13	12	14	18	34	1	31	26	32	30	15	29
20	32	14	20	15	25	3	14	27	15	4	15	14	15	2	27	3	25	10	14	27	26	13	28	4	39	25	20	27	24	23	27	37	39	24	27	23	29	25	19	13	1	25	27	27	14	5	36	19	20	26	23	25	15	4	22	18	21	26	14	14	30	20	13	24	13	26	12	24	21	21	25	28	30	23	24	0	19	37	28	29	17	25	35	28	25	18	11	26	27	27	37	11	30	23	24	19	25	23	38	22
9	17	19	3	4	10	18	8	12	19	22	8	5	20	20	12	18	15	22	9	12	14	6	13	19	24	10	2	25	9	29	12	22	24	29	15	28	14	24	2	21	20	27	12	9	21	20	21	4	1	15	6	14	17	19	7	1	4	11	5	5	15	5	6	9	19	10	7	15	8	3	10	15	15	23	25	19	0	22	13	14	19	17	20	13	16	3	21	11	12	14	22	8	15	26	12	4	10	9	23	4
17	19	24	20	25	12	40	23	10	22	40	23	27	22	39	20	39	12	27	24	11	12	28	10	40	2	32	20	14	14	18	17	4	2	17	11	16	9	12	21	24	38	15	10	30	23	42	3	19	21	12	28	13	22	41	29	21	18	11	24	26	20	17	24	13	24	31	25	14	29	20	12	10	17	15	14	37	22	0	18	16	20	12	3	9	13	20	26	11	10	10	4	26	20	14	33	18	19	31	3	19
14	5	24	10	16	9	30	14	11	25	31	13	18	26	29	3	30	20	28	14	9	20	19	10	31	19	23	11	31	11	35	1	14	16	34	21	33	9	29	11	27	29	33	8	21	27	33	15	9	12	21	19	20	23	32	19	12	9	12	14	17	2	8	15	12	25	22	16	21	20	10	11	20	3	29	31	28	13	18	0	2	24	23	17	19	22	10	27	10	18	20	21	17	3	32	24	9	3	22	20	9
13	3	23	12	18	8	32	15	9	23	33	15	19	24	31	5	32	19	26	16	8	18	20	9	33	18	24	13	29	9	33	3	13	14	33	19	32	8	28	13	25	30	31	6	23	25	34	14	11	13	19	20	18	21	33	21	14	11	10	16	19	4	9	17	10	23	24	18	19	22	12	9	19	1	27	29	29	14	16	2	0	23	21	15	17	20	12	25	8	16	18	19	19	5	30	26	10	4	23	18	11
10	25	4	20	15	15	20	11	14	2	20	11	14	2	19	27	19	8	7	10	15	9	13	14	20	22	25	20	10	14	11	24	20	22	10	10	9	15	9	19	4	18	9	17	27	3	22	19	19	20	9	23	8	2	21	22	18	21	13	14	14	26	20	13	13	4	26	12	7	21	21	14	11	24	6	7	17	19	20	24	23	0	9	18	12	8	18	6	15	11	10	20	11	27	8	24	19	25	23	21	22
9	24	12	18	14	14	28	11	12	10	29	11	15	10	27	25	28	3	15	12	14	3	16	13	29	14	24	19	9	12	13	22	12	14	12	2	11	14	7	17	13	26	10	15	25	11	30	11	17	18	2	21	3	10	29	20	16	19	11	12	15	25	19	13	11	12	24	14	2	20	19	12	3	22	6	9	25	17	12	23	21	9	0	10	4	1	16	14	13	5	3	12	15	25	9	22	18	24	21	13	20
15	18	21	17	23	10	37	21	8	20	38	20	25	20	36	19	37	10	25	21	8	9	26	7	38	4	30	18	15	11	19	16	3	4	18	8	17	8	13	18	22	36	16	9	28	21	40	2	16	19	9	26	10	20	39	26	19	16	9	21	24	19	15	22	11	22	29	23	11	27	17	10	7	16	12	15	35	20	3	17	15	18	10	0	7	10	17	24	9	8	8	5	24	19	15	31	16	18	29	4	16
8	20	15	14	17	10	31	14	8	13	32	14	18	13	30	22	31	4	18	15	10	3	19	9	32	11	23	15	12	8	16	18	9	11	16	2	15	10	11	13	16	29	14	12	22	14	33	8	13	14	3	19	4	13	32	20	13	16	7	15	18	21	15	16	8	15	23	17	5	21	16	8	2	18	10	12	28	13	9	19	17	12	4	7	0	4	12	17	9	1	2	9	18	22	13	25	14	20	22	10	17
8	23	11	17	13	13	27	11	11	10	28	10	15	10	26	25	27	2	15	11	13	3	16	12	28	14	23	18	9	11	13	21	13	14	13	2	12	13	8	16	12	26	11	15	25	11	30	12	16	17	1	20	2	10	29	20	16	19	10	11	14	24	18	12	11	12	24	13	1	19	19	11	3	21	7	9	25	16	13	22	20	8	1	10	4	0	15	14	12	4	3	13	14	25	10	22	17	23	21	14	20
8	15	18	2	6	8	20	7	10	18	21	7	8	19	19	10	20	14	21	8	9	13	9	10	21	21	13	3	24	6	28	10	20	21	28	14	27	11	23	1	20	19	26	10	11	20	23	19	1	2	14	9	13	16	22	9	2	4	9	4	7	12	3	5	7	18	12	6	14	10	4	8	14	13	22	24	18	3	20	10	12	18	16	17	12	15	0	20	9	11	13	20	7	13	25	14	2	8	12	21	5
13	28	3	22	18	18	14	13	16	4	15	14	16	4	13	29	14	14	1	13	18	15	15	17	15	28	28	23	16	16	12	26	26	28	13	16	12	18	14	21	2	12	14	19	29	3	16	25	21	22	15	25	14	4	15	24	20	23	15	16	17	29	23	15	15	2	28	14	13	24	23	16	17	26	12	13	11	21	26	27	25	6	14	24	17	14	20	0	17	16	16	26	13	29	12	26	22	28	25	27	24
6	11	15	9	14	1	29	12	1	15	29	12	16	16	28	13	28	11	18	13	1	10	17	2	29	13	21	9	21	3	25	9	11	13	25	11	24	3	20	10	17	27	23	3	19	17	31	10	8	10	11	17	10	13	30	18	10	7	2	13	15	12	6	13	2	15	20	14	11	18	9	1	11	9	19	21	26	11	11	10	8	15	13	9	9	12	9	17	0	8	10	11	15	13	22	22	7	11	20	12	8
7	19	14	13	16	9	30	13	7	12	31	13	17	12	29	21	30	3	17	14	9	2	18	8	31	12	22	14	13	7	17	17	10	12	17	3	16	9	12	12	15	28	15	11	21	13	32	9	12	13	3	18	3	12	31	19	12	15	6	14	17	20	14	15	7	14	22	16	4	20	15	7	3	17	11	13	27	12	10	18	16	11	5	8	1	4	11	16	8	0	2	10	17	21	14	24	13	19	21	11	16
7	21	14	15	15	11	30	13	9	12	30	13	17	12	29	22	29	2	17	14	11	2	18	10	30	12	22	16	12	9	16	19	10	12	15	1	14	11	10	14	14	28	13	12	22	13	32	9	14	15	2	18	3	12	31	19	13	16	8	14	16	22	16	14	8	14	21	15	4	19	16	9	1	19	9	12	27	14	10	20	18	10	3	8	2	3	13	16	10	2	0	10	16	22	12	23	15	21	21	11	17
17	22	24	20	25	12	40	23	10	22	40	23	27	22	39	24	39	12	27	24	12	12	28	11	40	2	32	20	10	14	14	20	7	5	14	11	15	12	12	21	24	38	12	14	30	23	42	6	19	21	12	28	13	22	41	29	21	18	11	24	26	23	17	24	13	24	31	25	14	29	20	12	10	20	15	14	37	22	4	21	19	20	12	5	9	13	20	26	11	10	10	0	26	24	14	33	18	22	31	1	19
10	21	11	9	5	15	14	4	16	11	14	4	3	13	13	16	13	14	14	3	16	15	2	17	14	28	15	10	18	13	22	16	26	28	21	16	20	18	16	8	14	12	19	16	16	14	16	25	8	9	15	12	14	9	15	11	7	10	15	3	4	19	10	2	14	11	15	1	13	11	10	14	17	20	15	18	11	8	26	17	19	11	15	24	18	14	7	13	15	17	16	26	0	20	18	13	9	15	12	27	11
17	2	27	13	19	12	33	16	14	27	34	16	20	29	32	4	33	23	30	17	12	22	21	13	34	22	25	14	34	14	38	4	17	19	37	23	36	12	32	14	30	31	35	10	24	30	35	18	12	14	24	21	23	25	34	22	15	12	15	17	20	1	10	18	14	27	25	19	24	23	13	14	23	4	31	34	30	15	20	3	5	27	25	19	22	25	13	29	13	21	22	24	20	0	34	27	11	5	24	23	12
18	33	10	27	23	23	26	18	21	8	26	19	21	8	25	34	25	12	13	18	23	12	20	22	26	16	33	28	4	21	4	31	18	16	3	11	2	23	3	26	10	24	3	24	34	9	28	17	26	27	11	30	12	9	27	29	25	28	20	21	22	34	28	20	20	10	33	19	11	29	28	21	12	31	3	1	23	26	14	32	30	8	9	15	13	10	25	12	22	14	12	14	18	34	0	31	27	33	30	15	29
17	28	24	14	9	22	23	13	23	24	27	13	11	26	26	23	23	21	27	14	23	22	12	24	21	35	2	13	31	20	35	23	33	35	34	23	33	25	29	13	27	25	32	23	3	27	26	32	15	13	22	6	21	22	25	5	12	15	22	11	10	26	17	11	21	24	2	12	21	4	14	21	24	27	28	31	24	12	33	24	26	24	22	31	25	22	14	26	22	24	23	33	13	27	31	0	16	22	3	34	15
9	13	19	2	8	6	22	9	8	20	23	8	9	21	21	8	22	15	23	9	8	15	10	9	23	20	14	3	26	6	30	8	18	20	29	16	28	10	24	3	22	20	28	8	13	22	24	17	1	3	16	10	15	18	23	11	4	2	7	6	9	11	1	7	7	20	14	8	16	12	2	6	15	11	24	26	19	4	18	9	10	19	18	16	14	17	2	22	7	13	15	18	9	11	27	16	0	6	13	19	3
15	7	25	8	14	10	28	15	12	26	29	14	15	27	27	2	28	21	29	15	10	21	16	11	29	20	20	9	32	12	36	2	15	17	35	22	34	10	30	9	28	26	34	9	19	28	30	16	7	9	22	16	21	24	29	17	10	7	13	12	15	5	5	13	13	26	20	14	22	18	8	12	21	5	30	32	25	10	19	3	4	25	24	18	20	23	8	28	11	19	21	22	15	5	33	22	6	0	19	21	7
14	26	23	12	8	19	22	12	21	23	26	12	10	25	25	21	22	19	26	13	21	20	11	22	20	33	3	11	30	18	34	21	31	33	33	21	32	23	28	11	26	24	31	21	4	26	25	30	13	10	20	3	19	21	24	3	10	13	20	10	9	24	14	10	18	23	3	11	20	2	12	19	22	24	27	30	23	9	31	22	23	23	21	29	22	21	12	25	20	21	21	31	12	24	30	3	13	19	0	32	13
18	21	25	21	26	13	41	24	11	23	41	24	28	23	40	23	40	13	28	25	12	13	29	11	41	1	33	21	11	15	15	19	6	4	15	12	16	11	13	22	25	39	13	13	31	24	43	5	20	22	13	29	14	23	42	30	22	19	12	25	27	22	18	25	14	25	32	26	15	30	21	13	11	19	16	15	38	23	3	20	18	21	13	4	10	14	21	27	12	11	11	1	27	23	15	34	19	21	32	0	20
12	14	22	3	7	7	21	11	9	22	25	11	9	24	24	9	21	18	25	12	8	17	10	9	22	20	14	2	29	9	33	9	19	20	32	18	31	10	27	4	25	23	30	9	12	25	24	18	4	3	19	10	18	20	23	10	4	1	10	9	8	11	2	9	9	22	13	10	19	11	1	9	18	12	26	29	22	4	19	9	11	22	20	16	17	20	5	24	8	16	17	19	11	12	29	15	3	7	13	20	0
