100
25
25
125
1
2
1000
5
60
65
10
0.67
0.8
15
1
100

0	31.56	17.75	49.85	11.21	32.62	30.25	19.36	7.11	1.26	21.06	9.21	36.29	18.52	42.08	36.71	28.55	8.84	47.87	13.27	46.23	11.19	18.68	4.38	32.01	9.03	0.11	1.81	0.87	1.65	0.96	1.57	0.05	2.28	2	1.86	2.03	0.96	1.54	1.44	1.33	0.69	0.62	1.13	0.57	2.01	2.47	0.07	1.34	0.22	2.01	2.47	0.17	2.35	0.05	1.71	1.96	1.34	2.21	2.25	1.56	0.34	0.54	0.46	0.1	0.27	1.54	2.35	0.89	1.03	2.46	2.36	1.69	2.47	1.92	0.84	1.66	0.61	0.74	1.7	1.32	1.03	1.51	1.88	1.46	1.38	1.46	1.28	0.21	1.8	2.49	0.89	2.43	0.87	2.22	1.14	1.03	0.54	0.31	0.77	1.82

0	0.25	0.25	0.25	0.25	0.25	0.25	0.25	0.25	0.25	0.25	0.25	0.25	0.25	0.25	0.25	0.25	0.25	0.25	0.25	0.25	0.25	0.25	0.25	0.25	0.25	0.08	0.08	0.08	0.08	0.08	0.08	0.08	0.08	0.08	0.08	0.08	0.08	0.08	0.08	0.08	0.08	0.08	0.08	0.08	0.08	0.08	0.08	0.08	0.08	0.08	0.08	0.08	0.08	0.08	0.08	0.08	0.08	0.08	0.08	0.08	0.08	0.08	0.08	0.08	0.08	0.08	0.08	0.08	0.08	0.08	0.08	0.08	0.08	0.08	0.08	0.08	0.08	0.08	0.08	0.08	0.08	0.08	0.08	0.08	0.08	0.08	0.08	0.08	0.08	0.08	0.08	0.08	0.08	0.08	0.08	0.08	0.08	0.08	0.08	0.08

0	0	0	0	0	21.57	11.97	0	15.7	0	0	0	24.23	12.27	0	0	0	0	0	0	0	0	19.13	0	0	0	0	0	0	0	2.83	0	0	24.4	15.97	0	3.17	0	0	0	0	0	0	5.63	0	14.93	0	0	0	0	0	0	0	8.73	11.77	0	0	9.53	0	22.27	0	24.77	8.5	0	0	0	0	0	0	0	0	0	0	0	0	0	0	0	0	0	0	0.4	12.8	15.27	0	0	0	0	1	0	0	17.8	0	0	0	0	0	0	6.77	0	30.53

41.2	36.87	37.57	37.5	37.57	24.2	13.73	37	17.8	37.43	36.97	37.67	26.07	14.7	37.5	37.67	37	37.43	37.67	37.53	37.87	36.83	21.43	36.33	37.47	37.63	37.63	36.5	37.67	37.6	4.8	37.5	37.6	25.9	17.4	37.83	5.27	37.57	36.93	36.83	37.07	37.13	37.77	7.47	37.1	16.83	37	36.83	37.5	36.9	36.6	36.73	37.07	10.57	13.73	37.63	37.07	11.57	37.3	24.37	37.5	27.33	10.8	37.4	36.83	37	36.23	37.53	37.37	36.87	37.43	37.7	36.27	37.57	36.9	37.77	37.7	37.53	37.17	37.2	37.47	2.57	14.3	17.43	36.87	37.03	37.3	36.47	3.07	37.5	37.4	20.17	37.1	37.37	37.43	37.63	36.7	36.83	8.67	36.67	32.3

0	19	7	9	8	17	10	17	16	10	17	7	7	21	10	7	14	11	6	9	4	14	23	24	10	8	6	21	6	8	10	9	7	6	17	4	13	9	18	19	16	14	5	6	13	8	14	19	9	17	20	20	15	9	10	8	14	17	12	23	9	15	7	11	15	13	25	9	11	18	10	5	24	8	17	6	7	7	15	13	10	6	17	13	16	12	11	24	15	9	11	8	13	12	10	7	15	19	22	17	7
19	0	12	10	14	15	23	2	33	29	15	15	13	19	21	12	15	20	14	20	15	33	41	43	28	21	14	40	13	11	25	24	12	13	19	15	31	20	16	17	3	15	14	13	14	11	29	4	24	5	39	19	17	27	28	26	16	35	24	41	27	14	12	21	17	30	44	22	24	4	22	14	42	23	19	25	25	12	16	25	19	24	2	26	18	30	26	42	4	14	30	11	28	20	22	12	34	18	40	32	25
7	12	0	12	2	11	16	11	22	17	11	3	1	15	16	10	20	17	2	16	10	21	29	31	16	14	2	28	1	11	13	15	12	9	23	9	19	15	11	12	10	20	10	11	19	2	17	12	12	11	27	14	22	15	16	14	21	23	12	29	15	9	1	17	22	19	32	15	12	12	17	12	30	14	23	13	13	13	8	13	17	12	11	14	23	18	14	30	8	2	18	1	16	18	10	3	22	13	28	23	13
9	10	12	0	13	22	13	9	23	19	22	12	12	26	11	2	9	10	11	10	5	23	31	33	18	11	11	30	11	1	15	14	2	3	12	5	21	10	23	24	8	9	4	3	8	10	19	10	14	12	29	25	10	17	18	16	9	25	17	31	17	20	11	11	10	20	34	12	16	11	12	4	32	13	12	15	15	2	20	18	9	14	9	18	11	20	16	32	8	14	20	11	18	10	15	9	24	24	30	22	15
8	14	2	13	0	9	17	13	24	15	9	1	1	13	17	11	21	19	2	17	11	21	27	29	14	15	2	26	3	12	11	16	13	10	25	11	19	16	10	11	12	21	11	12	20	4	15	14	10	13	25	13	23	13	14	12	22	22	10	27	13	8	3	19	23	20	30	16	10	14	18	13	28	16	25	11	11	15	7	11	18	10	13	12	24	20	12	28	10	1	16	3	14	20	8	4	23	12	26	25	11
17	15	11	22	9	0	26	17	33	20	4	10	10	4	26	20	30	28	11	26	20	30	30	31	21	24	11	28	12	21	14	25	22	19	34	20	28	25	4	2	16	30	20	21	29	12	17	12	12	10	27	4	32	19	18	20	31	31	12	29	22	2	12	28	32	29	32	25	12	11	27	22	30	25	34	18	17	24	5	13	27	18	14	14	33	29	14	30	15	9	19	11	16	29	10	13	32	5	29	34	20
10	23	16	13	17	26	0	21	11	6	26	16	16	30	2	11	14	3	15	3	8	10	19	20	6	2	16	21	15	12	20	1	11	10	14	8	9	3	27	28	20	11	9	10	13	14	23	23	18	21	20	30	9	8	9	7	12	13	21	19	5	25	15	2	16	7	21	1	20	22	1	9	23	2	11	9	10	11	24	22	4	9	21	22	14	8	20	20	19	18	7	16	22	3	20	13	11	29	21	10	6
17	2	11	9	13	17	21	0	31	27	17	14	12	21	20	10	14	18	13	18	14	31	40	41	26	20	12	38	12	10	24	22	11	11	17	13	29	19	18	19	1	14	12	11	13	9	27	5	22	7	37	20	15	25	26	24	14	33	22	39	25	15	10	20	15	28	42	21	22	6	20	12	40	21	17	23	24	10	15	23	17	23	4	24	16	29	24	40	3	12	28	10	26	19	20	10	32	19	39	30	24
16	33	22	23	24	33	11	31	0	13	33	23	23	37	12	21	25	13	22	14	18	3	25	27	12	12	22	27	21	22	26	10	21	20	25	19	5	13	33	34	30	21	19	20	24	23	29	33	24	31	26	36	20	14	15	13	22	2	28	25	11	31	21	12	26	4	28	11	26	32	11	20	29	10	21	15	16	21	30	29	15	15	31	29	24	4	26	23	29	24	14	22	28	13	26	22	1	35	28	1	13
10	29	17	19	15	20	6	27	13	0	20	14	16	24	8	17	20	9	15	9	14	10	13	14	1	8	15	15	16	18	14	5	17	16	20	14	8	9	21	22	26	17	15	16	19	18	17	29	12	27	14	24	15	2	3	3	18	11	15	13	2	19	17	8	22	9	15	7	14	28	7	15	17	6	17	4	4	17	18	16	10	5	27	16	20	9	14	14	25	15	1	18	16	9	14	17	12	23	15	14	4
17	15	11	22	9	4	26	17	33	20	0	10	10	4	26	20	30	28	11	26	20	30	26	28	21	24	11	25	12	21	10	25	22	19	34	20	28	25	1	2	16	30	20	21	29	12	14	15	9	14	24	4	32	19	18	20	31	31	9	26	22	2	12	28	32	29	29	25	9	15	27	22	27	25	34	18	17	24	3	10	27	18	14	11	33	29	11	27	15	9	19	11	13	29	7	13	32	3	25	34	20
7	15	3	12	1	10	16	14	23	14	10	0	2	14	16	10	20	18	1	16	10	20	26	28	13	14	2	25	2	11	10	15	12	9	24	10	18	15	11	12	13	20	10	11	19	5	14	15	9	14	24	14	22	12	13	11	21	21	9	26	12	9	4	18	22	19	29	15	9	15	17	12	27	15	24	10	10	14	8	10	17	9	14	11	23	19	11	27	11	2	15	4	13	19	7	4	22	13	25	24	10
7	13	1	12	1	10	16	12	23	16	10	2	0	14	16	10	20	18	1	16	10	20	28	30	15	14	1	27	2	11	12	15	12	9	24	10	18	15	11	12	11	20	10	11	19	3	16	13	11	12	26	14	22	14	15	13	21	22	11	28	14	9	2	18	22	19	31	15	11	13	17	12	29	15	24	12	12	14	8	12	17	11	12	13	23	19	13	29	9	2	17	2	15	19	9	3	22	13	27	24	12
21	19	15	26	13	4	30	21	37	24	4	14	14	0	30	24	34	32	15	30	24	34	26	27	25	28	15	24	16	25	11	29	26	23	38	24	32	29	4	3	20	34	24	25	33	16	13	16	13	14	23	1	36	23	22	24	35	35	9	25	26	6	16	32	36	33	28	29	11	15	31	26	26	29	38	22	21	28	7	9	31	22	18	10	37	33	11	26	19	13	23	15	12	33	11	17	36	2	25	38	24
10	21	16	11	17	26	2	20	12	8	26	16	16	30	0	10	13	2	15	2	6	12	20	22	7	2	16	21	15	10	20	3	9	9	13	7	10	1	27	28	19	10	8	9	12	14	23	21	18	20	20	30	8	8	9	7	10	14	21	20	6	25	15	2	15	9	23	1	20	21	1	8	23	2	10	9	10	10	24	22	3	9	20	22	12	9	20	21	17	18	9	16	22	3	20	13	13	29	21	11	6
7	12	10	2	11	20	11	10	21	17	20	10	10	24	10	0	10	8	9	8	4	21	30	31	16	10	10	28	9	1	14	12	2	1	14	3	19	9	21	22	9	10	2	1	9	8	17	12	12	10	27	24	12	15	16	14	11	23	15	29	15	19	9	10	12	18	32	11	14	11	10	2	30	11	14	13	14	4	18	16	7	13	10	16	13	19	14	30	8	12	18	10	16	9	14	7	22	23	29	20	14
14	15	20	9	21	30	14	14	25	20	30	20	20	34	13	10	0	12	19	11	10	24	33	34	20	13	20	31	19	10	24	15	9	11	4	11	23	12	31	32	15	4	10	9	1	18	27	19	22	20	30	34	5	19	20	18	3	27	25	33	19	29	19	13	2	21	35	14	24	19	14	9	34	15	4	16	17	7	28	26	10	16	17	26	3	22	24	34	16	22	21	20	26	12	24	17	25	33	32	24	17
11	20	17	10	19	28	3	18	13	9	28	18	18	32	2	8	12	0	17	2	8	13	22	23	8	4	17	22	16	9	21	4	8	9	12	8	11	3	28	29	17	8	8	7	11	16	24	20	19	18	21	31	7	9	10	8	9	15	23	21	7	26	16	2	13	10	24	3	21	19	2	7	24	3	8	10	11	8	25	24	2	10	18	24	11	11	21	22	16	19	10	17	23	1	21	15	14	30	23	12	8
6	14	2	11	2	11	15	13	22	15	11	1	1	15	15	9	19	17	0	15	9	19	27	29	14	13	1	26	1	10	11	14	11	8	23	9	17	14	12	13	12	19	9	10	18	4	15	14	10	13	25	15	21	13	14	12	20	21	10	27	13	10	3	17	21	18	30	14	10	14	16	11	28	14	23	11	11	13	9	11	16	10	13	12	22	18	12	28	10	3	16	3	14	18	8	3	21	14	26	23	11
9	20	16	10	17	26	3	18	14	9	26	16	16	30	2	8	11	2	15	0	6	13	22	23	9	2	15	20	15	9	19	4	8	7	11	7	12	1	27	28	17	8	6	7	10	14	23	20	18	18	19	29	6	8	9	7	9	16	21	22	8	24	15	2	13	10	24	3	20	19	3	6	23	4	8	9	9	8	24	22	1	8	18	22	11	11	20	23	16	18	10	15	22	3	19	13	14	28	21	13	6
4	15	10	5	11	20	8	14	18	14	20	10	10	24	6	4	10	8	9	6	0	18	26	28	13	6	10	25	9	4	14	9	3	3	14	1	16	5	21	22	13	10	2	3	9	8	17	15	12	14	24	24	12	12	13	11	11	20	15	26	12	19	9	8	12	15	29	7	14	15	7	2	27	8	14	10	10	4	18	16	7	9	14	16	13	15	14	27	11	12	15	10	16	9	14	7	19	23	25	17	10
14	33	21	23	21	30	10	31	3	10	30	20	20	34	12	21	24	13	19	13	18	0	22	24	9	12	19	24	20	22	23	9	21	20	24	18	2	13	30	31	30	21	19	20	23	22	26	33	21	31	23	33	19	11	12	10	22	3	25	22	8	28	21	12	26	3	25	11	23	32	11	19	26	10	21	12	13	21	27	26	14	12	31	26	24	3	23	20	29	21	11	22	25	13	23	21	3	32	25	4	10
23	41	29	31	27	30	19	40	25	13	26	26	28	26	20	30	33	22	27	22	26	22	0	2	14	20	28	2	28	30	16	18	29	29	33	27	21	21	26	28	39	30	28	29	32	31	13	41	18	40	3	26	28	15	14	16	30	23	18	1	15	28	30	20	35	22	3	19	18	41	20	28	4	19	30	17	16	30	25	17	23	17	40	16	32	21	16	3	37	28	12	30	14	21	20	30	25	25	3	26	16
24	43	31	33	29	31	20	41	27	14	28	28	30	27	22	31	34	23	29	23	28	24	2	0	15	22	29	3	30	32	18	19	31	30	34	28	22	23	27	29	40	31	29	30	33	32	14	43	19	41	4	28	29	16	15	17	32	25	19	2	16	29	31	22	36	23	1	21	19	42	21	29	3	20	31	18	18	31	27	18	24	19	41	17	34	23	17	4	39	29	13	32	15	23	21	31	26	27	3	28	18
10	28	16	18	14	21	6	26	12	1	21	13	15	25	7	16	20	8	14	9	13	9	14	15	0	7	14	15	15	17	14	5	16	15	20	14	7	8	22	23	25	16	14	15	19	18	18	28	13	26	14	24	15	3	4	2	17	10	16	13	1	19	16	7	21	9	16	6	15	27	6	15	18	5	16	4	4	16	19	17	10	4	26	17	19	8	15	14	24	15	2	17	17	8	14	17	11	23	16	13	3
8	21	14	11	15	24	2	20	12	8	24	14	14	28	2	10	13	4	13	2	6	12	20	22	7	0	14	19	13	10	18	3	9	9	13	7	10	1	25	26	19	10	8	9	12	12	21	21	16	20	18	28	8	6	7	5	10	14	19	20	6	23	13	4	15	9	23	1	18	21	3	8	21	2	10	7	8	10	22	20	3	7	20	20	12	9	18	21	17	16	9	14	20	5	18	11	13	27	19	11	4
6	14	2	11	2	11	16	12	22	15	11	2	1	15	16	10	20	17	1	15	10	19	28	29	14	14	0	26	1	10	12	15	11	9	23	9	17	15	12	13	11	20	10	11	19	4	15	14	10	12	25	14	21	13	14	12	20	21	10	27	13	9	2	17	21	19	30	15	10	13	16	11	28	14	23	11	12	13	9	11	16	11	12	12	22	18	12	28	10	3	16	3	14	18	8	3	21	13	27	23	12
21	40	28	30	26	28	21	38	27	15	25	25	27	24	21	28	31	22	26	20	25	24	2	3	15	19	26	0	27	29	15	20	28	27	31	25	22	20	24	26	37	28	26	27	30	29	11	40	16	38	1	25	26	13	12	14	29	25	16	2	16	26	28	22	33	24	4	20	16	39	21	26	3	19	28	15	15	28	24	15	21	16	38	14	31	23	14	5	36	26	14	29	12	23	18	28	26	24	1	28	15
6	13	1	11	3	12	15	12	21	16	12	2	2	16	15	9	19	16	1	15	9	20	28	30	15	13	1	27	0	10	12	14	11	8	22	8	18	14	12	13	11	19	9	10	18	3	16	13	11	12	26	15	21	14	15	13	20	22	11	28	14	10	2	16	21	18	31	14	11	13	16	11	29	13	22	12	12	12	9	12	16	11	12	13	22	17	13	29	9	3	17	2	15	17	9	2	21	14	27	22	12
8	11	11	1	12	21	12	10	22	18	21	11	11	25	10	1	10	9	10	9	4	22	30	32	17	10	10	29	10	0	14	13	1	2	13	4	20	9	22	23	9	10	3	2	9	9	18	11	13	11	28	24	11	16	17	15	10	24	16	30	16	19	10	10	11	19	33	11	15	11	11	3	31	12	13	14	14	3	19	17	8	13	10	17	12	19	15	31	7	13	19	10	17	9	14	8	23	23	29	21	14
10	25	13	15	11	14	20	24	26	14	10	10	12	11	20	14	24	21	11	19	14	23	16	18	14	18	12	15	12	14	0	19	15	13	27	13	21	19	10	12	23	24	14	15	23	15	4	25	2	24	14	10	25	12	11	13	24	24	2	16	15	12	14	21	25	23	19	19	2	25	20	15	17	18	27	11	10	17	9	3	20	11	24	3	26	22	1	17	21	12	13	14	3	22	4	14	25	9	15	27	14
9	24	15	14	16	25	1	22	10	5	25	15	15	29	3	12	15	4	14	4	9	9	18	19	5	3	15	20	14	13	19	0	12	11	15	9	8	4	26	27	21	12	10	11	14	13	22	24	17	22	19	29	10	7	8	6	13	12	20	18	4	24	14	3	17	6	20	2	19	23	2	10	22	1	12	8	9	12	23	21	5	8	22	21	15	7	19	19	20	17	6	15	21	4	19	12	10	28	20	9	5
7	12	12	2	13	22	11	11	21	17	22	12	12	26	9	2	9	8	11	8	3	21	29	31	16	9	11	28	11	1	15	12	0	3	12	3	19	8	23	24	10	9	2	1	8	10	19	12	14	12	27	25	10	15	16	14	9	23	17	29	15	20	11	9	10	18	32	10	16	12	10	2	30	11	12	13	13	2	20	18	7	12	11	18	11	18	16	30	8	14	18	11	18	8	15	9	22	24	28	20	13
6	13	9	3	10	19	10	11	20	16	19	9	9	23	9	1	11	9	8	7	3	20	29	30	15	9	9	27	8	2	13	11	3	0	15	2	18	8	20	21	10	11	1	2	10	7	16	13	11	11	26	23	13	14	15	13	12	22	14	28	14	18	8	9	13	17	31	10	13	12	9	3	29	10	15	12	13	5	17	15	8	12	11	15	14	18	13	29	9	11	17	9	15	10	13	6	21	22	28	19	13
17	19	23	12	25	34	14	17	25	20	34	24	24	38	13	14	4	12	23	11	14	24	33	34	20	13	23	31	22	13	27	15	12	15	0	14	23	12	34	35	18	4	14	13	5	22	30	22	25	24	30	37	5	19	20	18	3	27	29	33	19	32	22	13	2	21	35	14	27	23	14	12	34	15	4	16	17	10	31	30	10	16	20	30	1	22	27	34	19	25	21	23	29	12	27	21	25	36	32	24	17
4	15	9	5	11	20	8	13	19	14	20	10	10	24	7	3	11	8	9	7	1	18	27	28	14	7	9	25	8	4	13	9	3	2	14	0	17	6	20	21	12	11	1	2	10	8	16	15	11	13	24	23	13	13	14	12	12	21	15	27	13	18	8	8	13	15	29	8	13	14	8	3	28	9	14	10	11	4	17	16	8	10	13	16	14	16	13	28	11	11	15	9	15	9	13	7	19	22	26	18	11
13	31	19	21	19	28	9	29	5	8	28	18	18	32	10	19	23	11	17	12	16	2	21	22	7	10	17	22	18	20	21	8	19	18	23	17	0	11	29	30	28	19	17	18	22	21	25	31	20	29	21	31	18	10	11	9	20	4	23	20	6	26	19	10	24	2	23	9	22	30	9	18	25	8	19	11	11	19	26	24	13	10	29	24	22	1	22	18	27	20	9	20	24	11	21	20	4	30	23	6	8
9	20	15	10	16	25	3	19	13	9	25	15	15	29	1	9	12	3	14	1	5	13	21	23	8	1	15	20	14	9	19	4	8	8	12	6	11	0	26	27	18	9	7	8	11	13	22	20	17	19	19	29	7	7	8	6	9	15	20	21	7	24	14	3	14	10	24	2	19	20	2	7	22	3	9	8	9	9	23	21	2	8	19	21	11	10	19	22	16	17	10	15	21	4	19	12	14	28	20	12	5
18	16	11	23	10	4	27	18	33	21	1	11	11	4	27	21	31	28	12	27	21	30	26	27	22	25	12	24	12	22	10	26	23	20	34	20	29	26	0	3	17	31	21	22	30	13	13	16	9	14	23	3	33	19	18	20	32	31	8	25	23	3	12	28	33	30	28	26	8	15	28	23	26	25	34	18	18	24	3	9	28	19	14	10	34	29	10	26	15	9	20	12	12	29	8	14	33	2	25	34	21
19	17	12	24	11	2	28	19	34	22	2	12	12	3	28	22	32	29	13	28	22	31	28	29	23	26	13	26	13	23	12	27	24	21	35	21	30	27	3	0	18	32	22	23	31	14	15	14	10	12	25	2	34	20	19	21	33	32	10	28	24	4	13	29	34	31	30	27	10	13	29	24	29	26	35	19	19	25	4	11	29	20	15	13	35	30	12	29	16	10	21	13	14	30	9	15	34	3	27	35	22
16	3	10	8	12	16	20	1	30	26	16	13	11	20	19	9	15	17	12	17	13	30	39	40	25	19	11	37	11	9	23	21	10	10	18	12	28	18	17	18	0	15	11	10	14	8	26	4	21	6	36	19	16	24	25	23	15	32	21	38	24	14	9	19	16	27	41	20	21	5	19	11	39	20	18	22	23	9	14	22	16	22	3	23	17	28	23	39	2	11	27	9	25	18	19	9	31	18	38	29	23
14	15	20	9	21	30	11	14	21	17	30	20	20	34	10	10	4	8	19	8	10	21	30	31	16	10	20	28	19	10	24	12	9	11	4	11	19	9	31	32	15	0	10	9	3	18	27	19	22	20	27	34	2	15	16	14	1	23	25	29	15	29	19	10	5	18	32	11	24	19	10	9	30	11	4	13	14	7	28	26	7	13	17	26	3	19	24	30	16	22	18	20	26	9	24	17	22	33	29	20	14
5	14	10	4	11	20	9	12	19	15	20	10	10	24	8	2	10	8	9	6	2	19	28	29	14	8	10	26	9	3	14	10	2	1	14	1	17	7	21	22	11	10	0	1	9	8	17	14	12	12	25	24	12	13	14	12	11	21	15	27	13	19	9	8	12	16	30	9	14	13	8	2	28	9	14	11	12	4	18	16	7	11	12	16	13	17	14	28	10	12	16	10	16	9	14	7	20	23	27	18	12
6	13	11	3	12	21	10	11	20	16	21	11	11	25	9	1	9	7	10	7	3	20	29	30	15	9	11	27	10	2	15	11	1	2	13	2	18	8	22	23	10	9	1	0	8	9	18	13	13	11	26	25	11	14	15	13	10	22	16	28	14	20	10	9	11	17	31	10	15	12	9	1	29	10	13	12	13	3	19	17	6	12	11	17	12	18	15	29	9	13	17	11	17	8	15	8	21	24	28	19	13
13	14	19	8	20	29	13	13	24	19	29	19	19	33	12	9	1	11	18	10	9	23	32	33	19	12	19	30	18	9	23	14	8	10	5	10	22	11	30	31	14	3	9	8	0	17	26	18	21	19	29	33	4	18	19	17	2	26	24	32	18	28	18	12	3	20	34	13	23	18	13	8	33	14	5	15	16	6	27	25	9	15	16	25	4	21	23	33	15	21	20	19	25	11	23	16	24	32	31	23	16
8	11	2	10	4	12	14	9	23	18	12	5	3	16	14	8	18	16	4	14	8	22	31	32	18	12	4	29	3	9	15	13	10	7	22	8	21	13	13	14	8	18	8	9	17	0	18	11	13	9	28	16	20	17	18	16	19	25	13	31	17	11	2	16	20	19	33	13	13	10	15	10	32	13	22	14	15	12	10	14	15	14	9	16	21	20	15	32	7	4	19	2	17	17	12	1	23	15	30	22	15
14	29	17	19	15	17	23	27	29	17	14	14	16	13	23	17	27	24	15	23	17	26	13	14	18	21	15	11	16	18	4	22	19	16	30	16	25	22	13	15	26	27	17	18	26	18	0	29	5	27	10	14	29	15	14	16	28	27	5	13	19	15	17	24	29	26	15	22	5	28	24	19	14	21	30	14	14	20	13	4	24	15	27	3	30	25	3	14	25	15	16	18	1	25	7	17	29	13	12	30	17
19	4	12	10	14	12	23	5	33	29	15	15	13	16	21	12	19	20	14	20	15	33	41	43	28	21	14	40	13	11	25	24	12	13	22	15	31	20	16	14	4	19	14	13	18	11	29	0	24	2	39	15	20	27	28	26	19	35	24	41	27	14	12	21	20	30	44	22	24	1	22	14	42	23	22	25	25	12	16	25	19	24	2	26	21	30	26	42	4	14	30	11	28	20	22	12	34	16	40	32	25
9	24	12	14	10	12	18	22	24	12	9	9	11	13	18	12	22	19	10	18	12	21	18	19	13	16	10	16	11	13	2	17	14	11	25	11	20	17	9	10	21	22	12	13	21	13	5	24	0	22	15	12	24	10	9	11	23	22	4	18	14	10	12	19	24	21	20	17	2	23	19	14	19	16	25	9	9	15	8	5	19	10	22	5	25	20	2	19	20	10	11	13	4	20	2	12	24	11	17	25	12
17	5	11	12	13	10	21	7	31	27	14	14	12	14	20	10	20	18	13	18	14	31	40	41	26	20	12	38	12	11	24	22	12	11	24	13	29	19	14	12	6	20	12	11	19	9	27	2	22	0	37	14	22	25	26	24	21	33	22	39	25	12	10	20	22	28	42	21	22	1	20	12	40	21	24	23	24	14	15	23	17	23	4	24	23	29	24	40	5	12	28	10	26	19	20	10	32	15	39	30	24
20	39	27	29	25	27	20	37	26	14	24	24	26	23	20	27	30	21	25	19	24	23	3	4	14	18	25	1	26	28	14	19	27	26	30	24	21	19	23	25	36	27	25	26	29	28	10	39	15	37	0	24	25	12	11	13	28	24	15	3	15	25	27	21	32	23	5	19	15	38	20	25	4	18	27	14	14	27	23	14	20	15	37	13	30	22	13	4	35	25	13	28	11	22	17	27	25	23	2	27	14
20	19	14	25	13	4	30	20	36	24	4	14	14	1	30	24	34	31	15	29	24	33	26	28	24	28	14	25	15	24	10	29	25	23	37	23	31	29	3	2	19	34	24	25	33	16	14	15	12	14	24	0	35	22	21	23	34	34	9	26	25	5	15	31	35	33	29	29	10	15	30	25	27	28	37	21	20	27	6	10	30	21	17	11	36	32	11	27	18	12	23	14	13	32	10	17	35	1	25	37	24
15	17	22	10	23	32	9	15	20	15	32	22	22	36	8	12	5	7	21	6	12	19	28	29	15	8	21	26	21	11	25	10	10	13	5	13	18	7	33	34	16	2	12	11	4	20	29	20	24	22	25	35	0	14	15	13	3	22	27	28	14	30	21	8	7	16	30	9	26	21	9	10	29	10	2	15	15	9	30	28	5	14	19	28	5	17	26	29	18	24	16	21	28	7	25	19	20	34	27	19	12
9	27	15	17	13	19	8	25	14	2	19	12	14	23	8	15	19	9	13	8	12	11	15	16	3	6	13	13	14	16	12	7	15	14	19	13	10	7	19	20	24	15	13	14	18	17	15	27	10	25	12	22	14	0	1	1	16	12	14	14	4	17	15	9	20	11	17	7	12	26	9	14	15	6	15	3	2	15	16	15	9	3	25	15	18	10	12	15	23	14	3	16	14	10	12	16	14	21	14	15	2
10	28	16	18	14	18	9	26	15	3	18	13	15	22	9	16	20	10	14	9	13	12	14	15	4	7	14	12	15	17	11	8	16	15	20	14	11	8	18	19	25	16	14	15	19	18	14	28	9	26	11	21	15	1	0	2	17	13	13	13	5	16	16	10	21	12	16	8	11	27	10	15	14	7	16	4	3	16	15	14	10	4	26	14	19	11	11	14	24	15	2	17	13	11	11	17	15	20	13	16	3
8	26	14	16	12	20	7	24	13	3	20	11	13	24	7	14	18	8	12	7	11	10	16	17	2	5	12	14	13	15	13	6	14	13	18	12	9	6	20	21	23	14	12	13	17	16	16	26	11	24	13	23	13	1	2	0	15	11	15	15	3	18	14	8	19	10	18	6	13	25	8	13	16	5	14	2	3	14	17	16	8	2	24	16	17	9	13	16	22	13	4	15	15	9	13	15	13	22	15	14	1
14	16	21	9	22	31	12	14	22	18	31	21	21	35	10	11	3	9	20	9	11	22	30	32	17	10	20	29	20	10	24	13	9	12	3	12	20	9	32	33	15	1	11	10	2	19	28	19	23	21	28	34	3	16	17	15	0	24	26	30	16	29	20	10	5	19	33	11	25	20	11	9	31	12	3	14	14	8	29	27	8	13	18	27	2	19	25	31	17	23	19	20	27	9	24	18	23	33	29	21	14
17	35	23	25	22	31	13	33	2	11	31	21	22	35	14	23	27	15	21	16	20	3	23	25	10	14	21	25	22	24	24	12	23	22	27	21	4	15	31	32	32	23	21	22	26	25	27	35	22	33	24	34	22	12	13	11	24	0	26	23	9	29	23	14	28	6	26	13	24	34	13	22	27	12	23	13	14	23	28	27	17	13	33	27	26	5	24	21	31	22	12	24	26	15	24	24	2	33	26	3	11
12	24	12	17	10	12	21	22	28	15	9	9	11	9	21	15	25	23	10	21	15	25	18	19	16	19	10	16	11	16	2	20	17	14	29	15	23	20	8	10	21	25	15	16	24	13	5	24	4	22	15	9	27	14	13	15	26	26	0	18	17	10	12	23	27	24	20	20	2	23	22	17	19	20	29	13	12	19	8	1	22	13	22	3	28	24	2	19	20	10	14	13	4	24	2	12	27	8	17	29	15
23	41	29	31	27	29	19	39	25	13	26	26	28	25	20	29	33	21	27	22	26	22	1	2	13	20	27	2	28	30	16	18	29	28	33	27	20	21	25	28	38	29	27	28	32	31	13	41	18	39	3	26	28	14	13	15	30	23	18	0	14	28	29	20	34	22	3	19	18	40	19	28	5	18	29	17	16	29	25	17	23	17	39	15	32	21	16	3	37	28	12	30	14	21	19	30	24	25	3	26	16
9	27	15	17	13	22	5	25	11	2	22	12	14	26	6	15	19	7	13	8	12	8	15	16	1	6	13	16	14	16	15	4	15	14	19	13	6	7	23	24	24	15	13	14	18	17	19	27	14	25	15	25	14	4	5	3	16	9	17	14	0	20	15	6	20	8	17	5	16	26	5	14	19	4	15	5	5	15	20	18	9	4	25	18	18	7	16	15	23	14	3	16	18	7	15	16	10	24	17	12	2
15	14	9	20	8	2	25	15	31	19	2	9	9	6	25	19	29	26	10	24	19	28	28	29	19	23	9	26	10	19	12	24	20	18	32	18	26	24	3	4	14	29	19	20	28	11	15	14	10	12	25	5	30	17	16	18	29	29	10	28	20	0	10	26	30	28	30	24	10	13	25	20	29	23	32	16	15	22	3	11	25	16	12	13	31	27	12	29	13	7	18	9	14	27	9	12	30	4	27	32	19
7	12	1	11	3	12	15	10	21	17	12	4	2	16	15	9	19	16	3	15	9	21	30	31	16	13	2	28	2	10	14	14	11	8	22	8	19	14	12	13	9	19	9	10	18	2	17	12	12	10	27	15	21	15	16	14	20	23	12	29	15	10	0	16	21	18	32	14	12	11	16	11	30	13	22	13	14	12	9	13	16	13	10	14	22	19	14	30	8	3	18	1	16	17	10	2	22	14	29	22	14
11	21	17	11	19	28	2	20	12	8	28	18	18	32	2	10	13	2	17	2	8	12	20	22	7	4	17	22	16	10	21	3	9	9	13	8	10	3	28	29	19	10	8	9	12	16	24	21	19	20	21	31	8	9	10	8	10	14	23	20	6	26	16	0	15	9	23	3	21	21	1	8	24	3	10	10	11	10	25	24	3	10	20	24	12	9	21	21	17	19	9	17	23	1	21	15	13	30	23	11	8
15	17	22	10	23	32	16	15	26	22	32	22	22	36	15	12	2	13	21	13	12	26	35	36	21	15	21	33	21	11	25	17	10	13	2	13	24	14	33	34	16	5	12	11	3	20	29	20	24	22	32	35	7	20	21	19	5	28	27	34	20	30	21	15	0	23	37	16	26	21	15	10	35	16	5	18	19	9	30	28	12	18	19	28	3	24	26	35	18	24	23	21	28	14	25	19	27	34	34	25	19
13	30	19	20	20	29	7	28	4	9	29	19	19	33	9	18	21	10	18	10	15	3	22	23	9	9	19	24	18	19	23	6	18	17	21	15	2	10	30	31	27	18	16	17	20	19	26	30	21	28	23	33	16	11	12	10	19	6	24	22	8	28	18	9	23	0	24	8	23	29	8	16	26	7	18	12	13	18	27	25	11	12	28	25	21	1	23	19	26	21	10	19	25	10	23	18	4	32	24	5	9
25	44	32	34	30	32	21	42	28	15	29	29	31	28	23	32	35	24	30	24	29	25	3	1	16	23	30	4	31	33	19	20	32	31	35	29	23	24	28	30	41	32	30	31	34	33	15	44	20	42	5	29	30	17	16	18	33	26	20	3	17	30	32	23	37	24	0	22	20	43	22	30	2	21	32	19	19	32	28	19	25	20	42	18	35	24	18	5	40	30	14	33	16	24	22	32	27	28	4	29	19
9	22	15	12	16	25	1	21	11	7	25	15	15	29	1	11	14	3	14	3	7	11	19	21	6	1	15	20	14	11	19	2	10	10	14	8	9	2	26	27	20	11	9	10	13	13	22	22	17	21	19	29	9	7	8	6	11	13	20	19	5	24	14	3	16	8	22	0	19	22	2	9	22	1	11	8	9	11	23	21	4	8	21	21	13	8	19	20	18	17	8	15	21	4	19	12	12	28	20	10	5
11	24	12	16	10	12	20	22	26	14	9	9	11	11	20	14	24	21	10	20	14	23	18	19	15	18	10	16	11	15	2	19	16	13	27	13	22	19	8	10	21	24	14	15	23	13	5	24	2	22	15	10	26	12	11	13	25	24	2	18	16	10	12	21	26	23	20	19	0	23	21	16	19	18	27	11	11	17	8	3	21	12	22	3	27	22	2	19	20	10	13	13	4	22	2	12	26	9	17	27	14
18	4	12	11	14	11	22	6	32	28	15	15	13	15	21	11	19	19	14	19	15	32	41	42	27	21	13	39	13	11	25	23	12	12	23	14	30	20	15	13	5	19	13	12	18	10	28	1	23	1	38	15	21	26	27	25	20	34	23	40	26	13	11	21	21	29	43	22	23	0	21	13	41	22	23	24	25	13	16	24	18	24	3	25	22	30	25	41	4	13	29	11	27	20	21	11	33	16	40	31	25
10	22	17	12	18	27	1	20	11	7	27	17	17	31	1	10	14	2	16	3	7	11	20	21	6	3	16	21	16	11	20	2	10	9	14	8	9	2	28	29	19	10	8	9	13	15	24	22	19	20	20	30	9	9	10	8	11	13	22	19	5	25	16	1	15	8	22	2	21	21	0	9	24	3	10	10	10	10	25	23	4	9	20	23	13	9	21	20	18	19	8	16	23	2	20	14	12	29	22	10	7
5	14	12	4	13	22	9	12	20	15	22	12	12	26	8	2	9	7	11	6	2	19	28	29	15	8	11	26	11	3	15	10	2	3	12	3	18	7	23	24	11	9	2	1	8	10	19	14	14	12	25	25	10	14	15	13	9	22	17	28	14	20	11	8	10	16	30	9	16	13	9	0	29	10	12	11	12	2	20	18	5	11	12	18	11	17	16	29	10	14	16	11	18	7	15	9	20	24	27	19	12
24	42	30	32	28	30	23	40	29	17	27	27	29	26	23	30	34	24	28	23	27	26	4	3	18	21	28	3	29	31	17	22	30	29	34	28	25	22	26	29	39	30	28	29	33	32	14	42	19	40	4	27	29	15	14	16	31	27	19	5	19	29	30	24	35	26	2	22	19	41	24	29	0	21	30	18	17	30	26	18	24	18	40	16	33	25	17	7	38	29	16	31	15	25	20	31	29	26	2	30	17
8	23	14	13	16	25	2	21	10	6	25	15	15	29	2	11	15	3	14	4	8	10	19	20	5	2	14	19	13	12	18	1	11	10	15	9	8	3	25	26	20	11	9	10	14	13	21	23	16	21	18	28	10	6	7	5	12	12	20	18	4	23	13	3	16	7	21	1	18	22	3	10	21	0	11	7	8	11	22	21	5	7	21	21	14	8	18	19	19	16	7	14	20	4	18	12	11	27	20	9	5
17	19	23	12	25	34	11	17	21	17	34	24	24	38	10	14	4	8	23	8	14	21	30	31	16	10	23	28	22	13	27	12	12	15	4	14	19	9	34	35	18	4	14	13	5	22	30	22	25	24	27	37	2	15	16	14	3	23	29	29	15	32	22	10	5	18	32	11	27	23	10	12	30	11	0	16	17	10	31	30	7	16	20	30	3	19	27	30	19	25	18	23	29	9	27	21	22	36	29	20	14
6	25	13	15	11	18	9	23	15	4	18	10	12	22	9	13	16	10	11	9	10	12	17	18	4	7	11	15	12	14	11	8	13	12	16	10	11	8	18	19	22	13	11	12	15	14	14	25	9	23	14	21	15	3	4	2	14	13	13	17	5	16	13	10	18	12	19	8	11	24	10	11	18	7	16	0	1	13	15	14	10	1	23	14	16	11	11	18	21	11	5	14	13	11	11	13	15	20	16	16	3
7	25	13	15	11	17	10	24	16	4	17	10	12	21	10	14	17	11	11	9	10	13	16	18	4	8	12	15	12	14	10	9	13	13	17	11	11	9	18	19	23	14	12	13	16	15	14	25	9	24	14	20	15	2	3	3	14	14	12	16	5	15	14	11	19	13	19	9	11	25	10	12	17	8	17	1	0	14	15	13	10	1	24	13	16	12	11	17	21	12	5	14	13	12	10	14	15	19	15	17	4
7	12	13	2	15	24	11	10	21	17	24	14	14	28	10	4	7	8	13	8	4	21	30	31	16	10	13	28	12	3	17	12	2	5	10	4	19	9	24	25	9	7	4	3	6	12	20	12	15	14	27	27	9	15	16	14	8	23	19	29	15	22	12	10	9	18	32	11	17	13	10	2	30	11	10	13	14	0	21	20	7	13	10	20	10	19	17	30	9	15	18	13	19	9	17	11	22	26	29	20	14
15	16	8	20	7	5	24	15	30	18	3	8	8	7	24	18	28	25	9	24	18	27	25	27	19	22	9	24	9	19	9	23	20	17	31	17	26	23	3	4	14	28	18	19	27	10	13	16	8	15	23	6	30	16	15	17	29	28	8	25	20	3	9	25	30	27	28	23	8	16	25	20	26	22	31	15	15	21	0	9	25	16	15	10	31	26	10	26	12	6	17	9	12	26	6	11	30	5	24	31	18
13	25	13	18	11	13	22	23	29	16	10	10	12	9	22	16	26	24	11	22	16	26	17	18	17	20	11	15	12	17	3	21	18	15	30	16	24	21	9	11	22	26	16	17	25	14	4	25	5	23	14	10	28	15	14	16	27	27	1	17	18	11	13	24	28	25	19	21	3	24	23	18	18	21	30	14	13	20	9	0	23	14	23	2	29	25	3	18	21	11	15	14	3	25	3	13	28	9	16	30	16
10	19	17	9	18	27	4	17	15	10	27	17	17	31	3	7	10	2	16	1	7	14	23	24	10	3	16	21	16	8	20	5	7	8	10	8	13	2	28	29	16	7	7	6	9	15	24	19	19	17	20	30	5	9	10	8	8	17	22	23	9	25	16	3	12	11	25	4	21	18	4	5	24	5	7	10	10	7	25	23	0	9	17	23	10	12	21	24	15	19	11	16	23	2	20	14	15	29	22	14	7
6	24	12	14	10	18	9	23	15	5	18	9	11	22	9	13	16	10	10	8	9	12	17	19	4	7	11	16	11	13	11	8	12	12	16	10	10	8	19	20	22	13	11	12	15	14	15	24	10	23	15	21	14	3	4	2	13	13	13	17	4	16	13	10	18	12	20	8	12	24	9	11	18	7	16	1	1	13	16	14	9	0	23	14	15	11	12	18	20	11	6	13	14	11	11	13	14	20	16	16	3
17	2	11	9	13	14	21	4	31	27	14	14	12	18	20	10	17	18	13	18	14	31	40	41	26	20	12	38	12	10	24	22	11	11	20	13	29	19	14	15	3	17	12	11	16	9	27	2	22	4	37	17	19	25	26	24	18	33	22	39	25	12	10	20	19	28	42	21	22	3	20	12	40	21	20	23	24	10	15	23	17	23	0	24	20	29	24	40	3	12	28	10	26	19	20	10	32	16	39	30	24
13	26	14	18	12	14	22	24	29	16	11	11	13	10	22	16	26	24	12	22	16	26	16	17	17	20	12	14	13	17	3	21	18	15	30	16	24	21	10	13	23	26	16	17	25	16	3	26	5	24	13	11	28	15	14	16	27	27	3	15	18	13	14	24	28	25	18	21	3	25	23	18	16	21	30	14	13	20	10	2	23	14	24	0	29	25	3	16	22	13	15	15	2	25	4	15	28	10	15	30	16
16	18	23	11	24	33	14	16	24	20	33	23	23	37	12	13	3	11	22	11	13	24	32	34	19	12	22	31	22	12	26	15	11	14	1	14	22	11	34	35	17	3	13	12	4	21	30	21	25	23	30	36	5	18	19	17	2	26	28	32	18	31	22	12	3	21	35	13	27	22	13	11	33	14	3	16	16	10	31	29	10	15	20	29	0	21	27	33	19	25	21	22	29	11	26	20	25	35	31	23	16
12	30	18	20	20	29	8	29	4	9	29	19	19	33	9	19	22	11	18	11	15	3	21	23	8	9	18	23	17	19	22	7	18	18	22	16	1	10	29	30	28	19	17	18	21	20	25	30	20	29	22	32	17	10	11	9	19	5	24	21	7	27	19	9	24	1	24	8	22	30	9	17	25	8	19	11	12	19	26	25	12	11	29	25	21	0	22	19	26	20	10	19	24	10	22	19	4	31	24	5	9
11	26	14	16	12	14	20	24	26	14	11	11	13	11	20	14	24	21	12	20	14	23	16	17	15	18	12	14	13	15	1	19	16	13	27	13	22	19	10	12	23	24	14	15	23	15	3	26	2	24	13	11	26	12	11	13	25	24	2	16	16	12	14	21	26	23	18	19	2	25	21	16	17	18	27	11	11	17	10	3	21	12	24	3	27	22	0	17	22	12	13	15	2	22	4	14	26	10	15	27	14
24	42	30	32	28	30	20	40	23	14	27	27	29	26	21	30	34	22	28	23	27	20	3	4	14	21	28	5	29	31	17	19	30	29	34	28	18	22	26	29	39	30	28	29	33	32	14	42	19	40	4	27	29	15	14	16	31	21	19	3	15	29	30	21	35	19	5	20	19	41	20	29	7	19	30	18	17	30	26	18	24	18	40	16	33	19	17	0	38	29	13	31	15	22	20	31	22	26	5	24	17
15	4	8	8	10	15	19	3	29	25	15	11	9	19	17	8	16	16	10	16	11	29	37	39	24	17	10	36	9	7	21	20	8	9	19	11	27	16	15	16	2	16	10	9	15	7	25	4	20	5	35	18	18	23	24	22	17	31	20	37	23	13	8	17	18	26	40	18	20	4	18	10	38	19	19	21	21	9	12	21	15	20	3	22	19	26	22	38	0	10	26	7	24	16	18	8	30	17	36	28	21
9	14	2	14	1	9	18	12	24	15	9	2	2	13	18	12	22	19	3	18	12	21	28	29	15	16	3	26	3	13	12	17	14	11	25	11	20	17	9	10	11	22	12	13	21	4	15	14	10	12	25	12	24	14	15	13	23	22	10	28	14	7	3	19	24	21	30	17	10	13	19	14	29	16	25	11	12	15	6	11	19	11	12	13	25	20	12	29	10	0	16	3	14	20	9	5	24	11	27	25	12
11	30	18	20	16	19	7	28	14	1	19	15	17	23	9	18	21	10	16	10	15	11	12	13	2	9	16	14	17	19	13	6	18	17	21	15	9	10	20	21	27	18	16	17	20	19	16	30	11	28	13	23	16	3	2	4	19	12	14	12	3	18	18	9	23	10	14	8	13	29	8	16	16	7	18	5	5	18	17	15	11	6	28	15	21	10	13	13	26	16	0	19	15	10	13	18	13	22	14	15	5
8	11	1	11	3	11	16	10	22	18	11	4	2	15	16	10	20	17	3	15	10	22	30	32	17	14	3	29	2	10	14	15	11	9	23	9	20	15	12	13	9	20	10	11	19	2	18	11	13	10	28	14	21	16	17	15	20	24	13	30	16	9	1	17	21	19	33	15	13	11	16	11	31	14	23	14	14	13	9	14	16	13	10	15	22	19	15	31	7	3	19	0	17	18	11	3	23	13	29	23	14
13	28	16	18	14	16	22	26	28	16	13	13	15	12	22	16	26	23	14	22	16	25	14	15	17	20	14	12	15	17	3	21	18	15	29	15	24	21	12	14	25	26	16	17	25	17	1	28	4	26	11	13	28	14	13	15	27	26	4	14	18	14	16	23	28	25	16	21	4	27	23	18	15	20	29	13	13	19	12	3	23	14	26	2	29	24	2	15	24	14	15	17	0	24	6	16	28	12	13	29	16
12	20	18	10	20	29	3	19	13	9	29	19	19	33	3	9	12	1	18	3	9	13	21	23	8	5	18	23	17	9	22	4	8	10	12	9	11	4	29	30	18	9	9	8	11	17	25	20	20	19	22	32	7	10	11	9	9	15	24	21	7	27	17	1	14	10	24	4	22	20	2	7	25	4	9	11	12	9	26	25	2	11	19	25	11	10	22	22	16	20	10	18	24	0	22	16	14	31	24	12	9
10	22	10	15	8	10	20	20	26	14	7	7	9	11	20	14	24	21	8	19	14	23	20	21	14	18	8	18	9	14	4	19	15	13	27	13	21	19	8	9	19	24	14	15	23	12	7	22	2	20	17	10	25	12	11	13	24	24	2	19	15	9	10	21	25	23	22	19	2	21	20	15	20	18	27	11	10	17	6	3	20	11	20	4	26	22	4	20	18	9	13	11	6	22	0	11	25	9	19	27	14
7	12	3	9	4	13	13	10	22	17	13	4	3	17	13	7	17	15	3	13	7	21	30	31	17	11	3	28	2	8	14	12	9	6	21	7	20	12	14	15	9	17	7	8	16	1	17	12	12	10	27	17	19	16	17	15	18	24	12	30	16	12	2	15	19	18	32	12	12	11	14	9	31	12	21	13	14	11	11	13	14	13	10	15	20	19	14	31	8	5	18	3	16	16	11	0	22	16	29	21	14
15	34	22	24	23	32	11	32	1	12	32	22	22	36	13	22	25	14	21	14	19	3	25	26	11	13	21	26	21	23	25	10	22	21	25	19	4	14	33	34	31	22	20	21	24	23	29	34	24	32	25	35	20	14	15	13	23	2	27	24	10	30	22	13	27	4	27	12	26	33	12	20	29	11	22	15	15	22	30	28	15	14	32	28	25	4	26	22	30	24	13	23	28	14	25	22	0	34	27	2	12
19	18	13	24	12	5	29	19	35	23	3	13	13	2	29	23	33	30	14	28	23	32	25	27	23	27	13	24	14	23	9	28	24	22	36	22	30	28	2	3	18	33	23	24	32	15	13	16	11	15	23	1	34	21	20	22	33	33	8	25	24	4	14	30	34	32	28	28	9	16	29	24	26	27	36	20	19	26	5	9	29	20	16	10	35	31	10	26	17	11	22	13	12	31	9	16	34	0	24	36	23
22	40	28	30	26	29	21	39	28	15	25	25	27	25	21	29	32	23	26	21	25	25	3	3	16	19	27	1	27	29	15	20	28	28	32	26	23	20	25	27	38	29	27	28	31	30	12	40	17	39	2	25	27	14	13	15	29	26	17	3	17	27	29	23	34	24	4	20	17	40	22	27	2	20	29	16	15	29	24	16	22	16	39	15	31	24	15	5	36	27	14	29	13	24	19	29	27	24	0	29	15
17	32	23	22	25	34	10	30	1	14	34	24	24	38	11	20	24	12	23	13	17	4	26	28	13	11	23	28	22	21	27	9	20	19	24	18	6	12	34	35	29	20	18	19	23	22	30	32	25	30	27	37	19	15	16	14	21	3	29	26	12	32	22	11	25	5	29	10	27	31	10	19	30	9	20	16	17	20	31	30	14	16	30	30	23	5	27	24	28	25	15	23	29	12	27	21	2	36	29	0	14
7	25	13	15	11	20	6	24	13	4	20	10	12	24	6	14	17	8	11	6	10	10	16	18	3	4	12	15	12	14	14	5	13	13	17	11	8	5	21	22	23	14	12	13	16	15	17	25	12	24	14	24	12	2	3	1	14	11	15	16	2	19	14	8	19	9	19	5	14	25	7	12	17	5	14	3	4	14	18	16	7	3	24	16	16	9	14	17	21	12	5	14	16	9	14	14	12	23	15	14	0
