100
25
25
125
1
2
1000
5
60
65
10
0.67
0.8
15
1
100

0	16.35	22.51	24.53	42.42	42.14	25.49	22.25	46.68	38.39	38.25	47.62	28.05	40.68	25.46	43.24	22.69	38.28	48.94	28.64	24.46	14.48	19.69	10.17	22.01	19.98	0.86	2.04	1.33	1.3	1.94	0.3	1.56	0.87	0.84	1.44	2.16	0.5	1.68	2.25	0.5	0.75	1.24	2.22	1.25	0.69	1.33	1.44	1.03	0.04	1.76	1.27	0.95	0.16	0.9	0.59	0.51	2.03	0.98	0.13	0.94	1.94	0.41	2.28	0.8	0.82	0.51	1.92	0.17	2.38	0.4	0.72	1.72	0.35	1.28	1.8	2.32	1.83	1.87	1.02	0.6	1.3	0.55	2.11	1.66	2.04	1.98	1.17	0.77	1.72	2.47	1.92	2.07	1.77	1.49	1.88	1.24	2.16	0.17	2.42	0.25

0	0.25	0.25	0.25	0.25	0.25	0.25	0.25	0.25	0.25	0.25	0.25	0.25	0.25	0.25	0.25	0.25	0.25	0.25	0.25	0.25	0.25	0.25	0.25	0.25	0.25	0.08	0.08	0.08	0.08	0.08	0.08	0.08	0.08	0.08	0.08	0.08	0.08	0.08	0.08	0.08	0.08	0.08	0.08	0.08	0.08	0.08	0.08	0.08	0.08	0.08	0.08	0.08	0.08	0.08	0.08	0.08	0.08	0.08	0.08	0.08	0.08	0.08	0.08	0.08	0.08	0.08	0.08	0.08	0.08	0.08	0.08	0.08	0.08	0.08	0.08	0.08	0.08	0.08	0.08	0.08	0.08	0.08	0.08	0.08	0.08	0.08	0.08	0.08	0.08	0.08	0.08	0.08	0.08	0.08	0.08	0.08	0.08	0.08	0.08	0.08

0	3.73	0	2.13	0	0	1.27	0	0	0	0	2.08	1.43	3.15	2.05	0	0	0	1.83	0	0	0	0	0	0.45	0	4.22	0	0	0	0	4.5	0	0	0	0	0	0	1.2	0	0	1	2.13	0	0	0	0	0	0	0	1.45	0	0	0	1.83	0	0	0	0	0	2.28	0	0	1.48	0	0	0	0	0	0	0	0	3.9	0	0	0	0	0	0	0	2.17	0	0	0	0	0	0	0	0	1.58	0	0	0	3.48	4.13	3.48	1.83	0	0	0	0

5.75	4.47	4.75	2.88	4.9	5.38	2.03	5.03	4.58	5.13	4.25	2.83	2.17	3.9	2.8	5.05	4.8	4.83	2.58	4.85	5.33	4.95	4.72	4.6	1.2	4.45	4.97	4.75	4.68	4.75	5	5.25	4.95	4.93	4.95	4.93	5.1	4.4	1.95	5.05	4.68	1.75	2.88	4.88	5.1	4.9	4.5	4.85	4.95	4.75	2.2	5.28	5.08	4.95	2.58	4.97	4.63	4.75	4.7	4.78	3.03	4.65	5.05	2.23	4.9	4.33	5.2	4.6	4.68	5.2	4.63	5.13	4.65	5.03	5.1	4.97	5.05	4.95	5.2	4.83	2.93	4.93	4.63	4.8	4.97	4.85	4.45	4.47	4.65	2.33	4.95	4.8	4.85	4.22	4.88	4.22	2.58	5.18	4.7	4.85	5.2

0	12	14	13	18	5	19	12	10	14	17	15	12	17	7	15	10	15	27	7	5	3	19	23	16	13	7	17	12	11	6	10	17	7	13	14	14	18	8	4	9	2	8	5	10	10	12	19	10	20	20	10	4	9	24	13	22	16	8	15	16	8	13	22	16	18	9	14	22	7	13	9	19	13	1	16	15	7	9	6	9	13	11	7	15	18	16	11	20	6	17	16	4	15	18	15	15	13	7	18	12
12	0	15	13	6	7	7	7	22	2	28	3	17	12	17	3	15	10	15	12	8	13	10	11	4	25	14	12	17	17	11	3	5	15	10	9	4	23	13	10	15	10	5	17	9	13	24	7	13	9	15	5	13	14	19	8	10	13	20	10	9	17	5	10	5	23	7	17	10	7	18	10	14	8	12	5	4	12	4	18	20	11	16	18	7	7	21	23	15	12	5	11	15	10	7	10	4	2	19	7	4
14	15	0	21	21	12	22	12	7	17	15	18	25	5	7	18	23	15	30	20	9	17	22	26	19	11	7	12	25	3	19	13	20	7	18	13	17	31	22	17	22	14	11	10	17	21	14	22	4	24	14	13	10	5	11	13	25	21	7	17	20	22	16	25	19	31	9	26	25	16	26	5	5	17	13	20	19	20	12	13	12	5	24	10	19	22	30	18	10	8	20	14	17	9	22	14	18	16	17	22	15
13	13	21	0	9	10	20	20	23	12	29	15	11	25	18	13	4	23	15	13	13	14	6	11	11	25	15	25	8	19	9	15	11	16	4	22	10	10	10	10	15	11	13	18	5	3	24	10	18	8	28	8	14	17	32	20	18	3	20	23	5	17	17	10	18	13	16	5	13	6	5	16	26	6	13	9	10	6	16	18	21	21	15	19	6	15	9	23	27	14	11	24	16	23	11	22	9	11	19	7	10
18	6	21	9	0	13	11	11	28	4	34	6	16	16	23	4	11	14	10	18	14	19	7	6	2	30	20	16	13	23	14	8	2	21	6	13	4	19	15	15	20	16	10	23	8	9	29	2	19	3	19	8	19	19	23	11	9	9	25	14	5	22	8	5	9	19	13	14	5	11	14	16	17	5	18	2	3	11	9	23	26	16	20	24	3	6	18	28	18	18	2	15	21	14	2	13	3	5	24	2	6
5	7	12	10	13	0	14	10	15	9	22	10	14	15	10	10	12	14	22	9	3	6	14	18	11	18	7	16	14	11	7	5	12	9	8	12	9	19	10	6	11	3	4	10	5	9	17	14	8	15	19	5	7	8	23	11	17	11	13	14	11	10	8	17	11	19	7	14	17	4	15	7	17	8	5	11	10	9	7	11	14	11	13	12	10	13	18	16	18	6	12	15	9	14	13	13	10	8	12	13	7
19	7	22	20	11	14	0	10	29	8	35	5	24	17	24	7	22	7	9	19	15	20	17	13	9	31	21	10	24	24	17	9	9	22	16	10	10	29	20	16	21	17	11	24	15	19	30	10	20	12	9	12	20	20	13	9	3	19	26	5	15	23	6	10	3	29	14	24	7	14	25	17	17	14	19	11	10	19	10	24	27	17	23	25	14	5	28	29	13	19	9	9	22	14	9	8	11	9	25	13	10
12	7	12	20	11	10	10	0	19	8	25	7	24	7	14	7	22	4	19	19	7	15	17	15	9	21	11	6	24	14	17	5	9	12	16	2	10	29	20	16	21	12	7	14	15	19	20	11	10	12	9	12	10	10	13	2	13	19	16	6	15	20	5	14	7	29	4	24	14	14	25	7	7	14	11	11	10	19	4	14	17	7	23	15	14	10	28	19	8	9	9	5	15	4	10	3	11	9	15	13	10
10	22	7	23	28	15	29	19	0	24	9	25	19	12	5	25	19	22	37	14	14	10	29	33	26	4	8	19	19	5	14	20	27	7	23	19	24	24	15	13	16	12	18	5	20	20	7	29	9	30	20	20	9	9	18	20	32	26	3	24	26	15	23	32	26	24	15	24	32	17	20	12	12	23	10	26	25	17	19	7	5	12	18	4	25	28	23	12	16	10	27	20	10	15	28	21	25	23	10	28	22
14	2	17	12	4	9	8	8	24	0	30	3	16	13	19	1	14	12	13	14	10	15	9	9	2	27	16	14	16	19	10	5	3	17	8	10	2	21	12	12	17	12	7	19	7	11	26	5	15	7	17	4	15	16	21	9	8	11	22	12	7	19	6	8	7	21	9	16	8	7	17	12	15	6	14	3	2	11	6	20	22	13	16	20	6	5	20	25	16	14	3	13	17	12	5	11	3	2	21	5	2
17	28	15	29	34	22	35	25	9	30	0	31	18	19	12	31	25	28	43	17	21	16	35	39	32	5	15	25	22	13	21	26	33	13	30	26	30	22	19	19	14	19	24	12	27	26	5	35	16	37	27	26	15	15	26	26	38	32	9	30	33	12	29	38	32	16	22	30	38	23	25	18	20	30	17	33	32	23	25	11	8	18	15	10	32	35	26	6	23	16	33	27	13	22	35	27	31	29	10	35	28
15	3	18	15	6	10	5	7	25	3	31	0	19	14	20	2	17	9	12	15	11	16	12	8	4	28	17	11	19	20	12	6	4	18	11	7	5	24	15	13	18	13	8	20	10	14	27	5	16	7	14	7	16	17	18	6	7	14	23	9	10	20	3	7	4	24	10	19	7	9	20	13	13	9	15	6	5	14	7	21	23	14	18	21	9	4	23	26	13	15	4	10	18	10	4	8	6	4	22	8	5
12	17	25	11	16	14	24	24	19	16	18	19	0	29	18	17	7	27	25	5	17	9	17	21	15	15	19	29	4	23	7	19	15	19	12	26	14	6	4	8	5	12	17	16	9	8	14	17	22	19	32	12	15	21	36	24	22	14	18	27	15	7	21	20	22	6	20	12	20	10	7	20	30	12	13	15	14	5	20	12	14	25	4	16	14	19	8	13	31	18	15	28	9	27	17	26	13	15	9	17	14
17	12	5	25	16	15	17	7	12	13	19	14	29	0	11	14	27	11	26	24	12	20	22	22	14	14	10	7	29	7	22	10	16	10	21	8	15	34	25	21	26	17	12	13	20	24	17	18	7	19	9	17	14	8	8	9	20	24	11	13	20	25	12	21	14	34	9	29	21	19	30	9	2	19	16	16	15	24	9	17	15	4	28	13	19	17	33	22	5	11	16	9	20	4	17	9	16	14	20	18	15
7	17	7	18	23	10	24	14	5	19	12	20	18	11	0	20	16	17	32	13	9	10	24	28	21	8	3	14	18	5	12	15	22	2	18	14	19	24	15	10	15	7	13	3	15	15	7	24	4	25	15	15	4	4	18	15	27	21	3	19	21	15	18	27	21	24	10	19	27	12	19	7	12	18	6	21	20	13	14	6	5	7	17	3	20	23	23	11	13	5	22	15	10	10	23	16	20	18	10	23	17
15	3	18	13	4	10	7	7	25	1	31	2	17	14	20	0	15	11	12	15	11	16	10	8	2	28	17	13	17	20	11	6	2	18	9	9	3	22	13	13	18	13	8	20	8	12	27	4	16	6	16	5	16	17	20	8	7	12	23	11	8	20	5	7	6	22	10	17	7	8	18	13	14	7	15	4	3	12	7	21	23	14	17	21	7	4	21	26	15	15	2	12	18	11	4	10	4	3	22	6	3
10	15	23	4	11	12	22	22	19	14	25	17	7	27	16	15	0	25	19	9	15	10	10	15	13	21	17	27	4	21	5	17	13	17	6	24	12	8	6	6	11	10	15	14	7	3	20	12	20	12	30	10	13	19	34	22	20	7	16	25	8	13	19	14	20	9	18	5	15	8	3	18	28	8	11	11	12	3	18	14	17	23	11	15	8	17	7	19	29	16	13	26	12	25	13	24	11	13	15	10	12
15	10	15	23	14	14	7	4	22	12	28	9	27	11	17	11	25	0	15	22	11	18	20	17	12	25	14	4	27	17	21	9	13	15	20	3	14	33	23	19	24	15	10	17	19	23	24	13	13	15	5	15	13	14	9	3	10	23	20	2	19	23	6	13	5	33	7	27	10	17	28	10	10	18	15	14	13	22	7	18	20	11	26	18	17	8	31	23	6	12	12	2	19	7	12	2	14	12	19	16	14
27	15	30	15	10	22	9	19	37	13	43	12	25	26	32	12	19	15	0	27	23	28	9	5	12	40	29	19	22	32	23	18	10	30	14	18	13	22	24	25	30	25	20	32	17	18	39	8	28	7	17	17	28	29	21	17	7	12	35	13	11	32	14	5	12	28	22	16	5	20	18	25	25	14	27	11	12	20	19	33	35	26	29	33	12	9	20	38	21	27	10	17	30	22	9	17	12	15	34	9	15
7	12	20	13	18	9	19	19	14	14	17	15	5	24	13	15	9	22	27	0	12	4	19	23	16	13	14	24	5	18	4	14	17	14	13	21	14	11	3	3	3	7	12	11	10	10	12	19	17	20	27	10	10	16	31	19	22	16	13	22	16	5	16	22	17	11	15	14	22	7	9	15	25	13	8	16	15	7	15	7	9	20	4	11	15	18	10	11	26	13	17	23	4	22	18	21	15	13	7	18	12
5	8	9	13	14	3	15	7	14	10	21	11	17	12	9	11	15	11	23	12	0	8	15	19	12	17	6	13	17	10	10	6	13	8	9	9	10	22	13	9	14	5	4	9	8	12	16	15	5	16	16	6	6	6	20	8	18	12	12	11	12	13	9	18	12	22	4	17	18	7	18	4	14	9	4	12	11	12	5	10	13	8	16	11	11	14	21	15	15	5	13	12	8	11	14	10	11	9	11	14	8
3	13	17	14	19	6	20	15	10	15	16	16	9	20	10	16	10	18	28	4	8	0	20	24	17	12	10	20	9	14	5	11	18	10	14	17	15	15	5	4	6	3	9	7	11	11	11	20	13	21	23	11	7	12	27	16	23	17	10	18	17	5	14	23	17	15	12	15	23	8	10	12	22	14	4	17	16	8	12	5	8	16	8	7	16	19	13	10	23	9	18	19	3	18	19	18	16	14	6	19	13
19	10	22	6	7	14	17	17	29	9	35	12	17	22	24	10	10	20	9	19	15	20	0	5	9	31	21	22	14	24	15	12	8	22	6	19	7	13	16	16	21	17	11	24	9	9	30	7	20	5	25	9	20	20	29	18	15	3	26	20	3	23	15	8	15	19	14	7	10	12	10	17	24	6	19	7	8	12	14	24	27	18	21	25	4	13	11	29	25	19	9	21	22	20	9	20	7	8	25	5	7
23	11	26	11	6	18	13	15	33	9	39	8	21	22	28	8	15	17	5	23	19	24	5	0	8	36	25	19	18	28	19	14	6	26	10	15	9	18	20	21	26	21	16	28	13	14	35	4	24	3	22	13	24	25	26	14	12	8	31	17	7	28	11	4	12	24	18	11	7	16	14	21	21	10	23	7	8	16	15	29	31	22	25	29	8	9	15	34	21	23	6	18	26	18	5	16	8	11	30	5	11
16	4	19	11	2	11	9	9	26	2	32	4	15	14	21	2	13	12	12	16	12	17	9	8	0	28	18	14	15	21	12	6	2	19	8	11	2	21	13	13	18	14	8	21	7	11	27	4	17	5	17	6	17	17	21	9	7	11	23	12	7	20	6	7	7	21	11	16	7	9	16	14	15	6	16	2	1	10	7	21	24	14	18	22	5	4	20	26	16	16	2	13	19	12	3	11	2	3	22	4	4
13	25	11	25	30	18	31	21	4	27	5	28	15	14	8	28	21	25	40	13	17	12	31	36	28	0	11	21	18	8	17	22	30	10	26	22	27	20	16	15	12	15	20	8	23	22	3	32	12	33	23	23	12	11	22	23	34	28	5	27	29	11	26	35	28	20	18	26	35	20	22	15	16	26	13	29	28	20	21	7	5	14	14	7	28	31	22	8	19	13	30	23	10	18	31	23	28	25	6	31	25
7	14	7	15	20	7	21	11	8	16	15	17	19	10	3	17	17	14	29	14	6	10	21	25	18	11	0	11	19	4	12	12	19	2	15	11	16	24	15	11	16	7	10	3	12	14	10	21	3	22	14	12	4	3	18	12	24	18	6	16	18	15	15	24	18	24	7	19	24	9	20	4	12	15	6	18	17	14	11	7	7	6	18	5	17	20	23	12	13	2	19	12	10	9	20	13	17	15	10	20	14
17	12	12	25	16	16	10	6	19	14	25	11	29	7	14	13	27	4	19	24	13	20	22	19	14	21	11	0	29	14	23	11	15	12	22	4	16	35	25	21	26	17	12	14	21	25	20	15	10	17	3	17	14	10	7	5	13	25	16	6	21	25	8	15	7	35	9	29	14	19	30	9	7	20	17	16	15	24	9	17	17	7	28	15	19	10	33	22	3	12	14	2	21	4	14	3	16	14	21	18	16
12	17	25	8	13	14	24	24	19	16	22	19	4	29	18	17	4	27	22	5	17	9	14	18	15	18	19	29	0	23	7	19	15	19	8	26	14	6	4	8	8	12	17	16	9	5	17	14	22	15	32	12	15	21	36	24	22	11	18	27	11	10	21	17	22	6	20	9	17	10	4	20	30	10	13	13	14	5	20	12	14	25	7	16	10	19	5	16	31	18	15	28	9	27	15	26	13	15	12	13	14
11	17	3	19	23	11	24	14	5	19	13	20	23	7	5	20	21	17	32	18	10	14	24	28	21	8	4	14	23	0	16	15	22	4	19	15	19	28	19	15	20	11	13	7	16	18	11	24	5	26	16	15	8	4	14	15	27	21	5	19	22	19	18	27	21	28	11	23	27	13	24	7	8	19	10	22	21	18	14	11	9	7	22	7	21	24	27	16	12	5	22	16	14	11	24	16	20	18	14	24	17
6	11	19	9	14	7	17	17	14	10	21	12	7	22	12	11	5	21	23	4	10	5	15	19	12	17	12	23	7	16	0	12	13	12	9	19	10	12	3	2	7	6	11	9	6	6	16	15	15	16	26	6	9	15	30	18	18	12	12	21	12	9	15	18	16	12	14	10	18	4	8	14	24	9	6	12	11	3	14	10	13	18	6	11	11	14	11	15	25	11	13	22	8	21	14	20	11	9	11	14	8
10	3	13	15	8	5	9	5	20	5	26	6	19	10	15	6	17	9	18	14	6	11	12	14	6	22	12	11	19	15	12	0	8	13	11	7	5	24	15	11	16	8	2	15	10	14	21	10	11	11	14	7	11	11	18	6	12	14	17	9	10	15	4	13	6	24	5	19	13	9	20	8	12	9	10	7	6	14	2	15	18	8	18	16	9	9	23	20	13	10	8	10	13	9	9	8	6	4	16	9	5
17	5	20	11	2	12	9	9	27	3	33	4	15	16	22	2	13	13	10	17	13	18	8	6	2	30	19	15	15	22	13	8	0	20	7	11	3	20	14	15	20	15	10	22	7	10	29	2	18	4	18	7	18	19	22	10	8	10	25	13	6	22	7	5	8	20	12	15	5	10	16	15	16	5	17	2	2	10	9	23	25	16	19	23	5	5	19	28	17	17	1	14	20	13	2	12	2	5	24	4	5
7	15	7	16	21	9	22	12	7	17	13	18	19	10	2	18	17	15	30	14	8	10	22	26	19	10	2	12	19	4	12	13	20	0	17	13	17	24	15	11	16	7	11	3	14	14	9	22	3	24	14	13	4	3	18	13	25	19	5	17	20	15	16	25	19	24	9	19	25	10	20	5	12	17	6	20	19	14	12	7	5	6	18	3	19	22	23	12	13	3	20	14	10	9	22	14	18	16	10	22	15
13	10	18	4	6	8	16	16	23	8	30	11	12	21	18	9	6	20	14	13	9	14	6	10	8	26	15	22	8	19	9	11	7	17	0	18	6	13	11	11	16	11	10	18	3	4	25	7	14	7	25	5	15	15	29	17	15	3	21	20	3	18	14	9	15	14	13	8	10	7	9	13	23	2	13	6	7	7	13	19	22	17	15	20	3	12	12	24	24	14	8	21	17	20	8	19	6	8	20	5	6
14	9	13	22	13	12	10	2	19	10	26	7	26	8	14	9	24	3	18	21	9	17	19	15	11	22	11	4	26	15	19	7	11	13	18	0	12	31	22	18	23	14	9	14	17	21	21	12	10	14	7	14	11	11	11	2	13	21	17	5	17	22	5	13	7	31	6	26	13	16	27	8	8	16	13	13	12	21	6	15	18	8	25	16	16	9	30	20	6	10	11	3	17	4	11	2	13	11	17	15	12
14	4	17	10	4	9	10	10	24	2	30	5	14	15	19	3	12	14	13	14	10	15	7	9	2	27	16	16	14	19	10	5	3	17	6	12	0	19	11	12	17	12	7	19	5	9	26	5	15	7	19	4	15	16	23	11	9	9	22	14	5	19	8	8	9	19	9	14	8	7	15	12	17	4	14	3	2	9	7	20	22	13	16	20	4	6	18	25	18	14	3	15	17	14	5	13	1	2	21	5	2
18	23	31	10	19	19	29	29	24	21	22	24	6	34	24	22	8	33	22	11	22	15	13	18	21	20	24	35	6	28	12	24	20	24	13	31	19	0	10	14	9	18	23	21	14	10	17	20	27	18	38	18	21	27	42	30	28	10	24	33	14	10	27	20	28	6	26	8	23	16	5	26	36	15	18	19	20	11	26	18	19	30	8	21	16	25	4	16	37	23	21	34	14	33	21	32	19	21	14	17	19
8	13	22	10	15	10	20	20	15	12	19	15	4	25	15	13	6	23	24	3	13	5	16	20	13	16	15	25	4	19	3	15	14	15	11	22	11	10	0	5	6	8	14	12	8	7	15	16	18	18	28	9	12	17	32	21	19	13	15	23	14	8	18	19	18	10	17	11	19	6	6	17	27	11	9	14	13	4	17	9	11	21	5	12	13	16	8	14	28	14	14	24	6	23	16	23	12	11	10	16	10
4	10	17	10	15	6	16	16	13	12	19	13	8	21	10	13	6	19	25	3	9	4	16	21	13	15	11	21	8	15	2	11	15	11	11	18	12	14	5	0	5	4	9	8	8	7	14	17	14	18	24	8	7	13	28	16	19	13	10	19	14	7	13	20	14	14	12	11	20	5	9	12	22	11	5	14	13	5	12	8	11	17	7	9	13	16	13	13	23	10	15	20	6	19	16	18	13	10	9	16	10
9	15	22	15	20	11	21	21	16	17	14	18	5	26	15	18	11	24	30	3	14	6	21	26	18	12	16	26	8	20	7	16	20	16	16	23	17	9	6	5	0	9	14	13	13	12	9	22	19	23	29	13	12	18	33	21	24	18	15	24	19	2	18	25	19	9	17	16	25	10	12	17	27	16	10	19	18	10	17	9	11	22	2	13	18	21	12	8	28	15	20	25	6	24	21	23	18	15	6	21	15
2	10	14	11	16	3	17	12	12	12	19	13	12	17	7	13	10	15	25	7	5	3	17	21	14	15	7	17	12	11	6	8	15	7	11	14	12	18	8	4	9	0	6	7	8	8	14	17	10	18	20	8	4	9	24	13	20	14	10	15	14	8	11	20	14	18	9	12	20	5	13	9	19	11	2	14	13	7	9	8	11	13	11	9	13	16	16	13	20	6	15	16	6	15	16	15	13	11	9	16	10
8	5	11	13	10	4	11	7	18	7	24	8	17	12	13	8	15	10	20	12	4	9	11	16	8	20	10	12	17	13	11	2	10	11	10	9	7	23	14	9	14	6	0	13	9	13	19	12	9	13	15	5	9	9	19	7	14	13	15	10	9	14	6	15	8	23	3	18	15	8	18	6	13	8	8	9	8	12	3	13	16	8	16	14	8	11	22	18	14	8	10	11	11	10	11	9	8	5	14	11	5
5	17	10	18	23	10	24	14	5	19	12	20	16	13	3	20	14	17	32	11	9	7	24	28	21	8	3	14	16	7	9	15	22	3	18	14	19	21	12	8	13	7	13	0	15	15	7	24	6	25	17	15	4	6	21	15	27	21	3	19	21	12	18	27	21	21	10	19	27	12	17	7	15	18	5	21	20	12	14	4	4	9	15	2	20	23	20	9	16	5	22	15	7	12	23	16	20	18	7	23	17
10	9	17	5	8	5	15	15	20	7	27	10	9	20	15	8	7	19	17	10	8	11	9	13	7	23	12	21	9	16	6	10	7	14	3	17	5	14	8	8	13	8	9	15	0	4	22	9	13	10	24	4	12	13	28	16	14	6	18	19	6	15	13	12	14	14	12	9	12	4	10	12	22	3	10	6	6	4	12	16	19	16	12	17	5	11	13	21	23	11	7	20	14	19	8	18	5	7	17	8	5
10	13	21	3	9	9	19	19	20	11	26	14	8	24	15	12	3	23	18	10	12	11	9	14	11	22	14	25	5	18	6	14	10	14	4	21	9	10	7	7	12	8	13	15	4	0	21	10	17	11	28	8	11	17	32	20	18	6	17	23	7	14	17	13	18	10	16	5	13	6	6	16	26	5	10	9	10	3	16	15	18	20	12	16	6	15	9	20	27	13	11	24	13	23	11	22	9	11	16	9	9
12	24	14	24	29	17	30	20	7	26	5	27	14	17	7	27	20	24	39	12	16	11	30	35	27	3	10	20	17	11	16	21	29	9	25	21	26	17	15	14	9	14	19	7	22	21	0	31	11	32	22	22	11	10	25	22	33	27	7	26	28	8	25	34	27	17	17	25	34	19	21	14	19	25	12	28	27	19	20	6	4	13	11	6	27	30	21	5	20	12	29	22	9	17	30	22	27	24	5	30	24
19	7	22	10	2	14	10	11	29	5	35	5	17	18	24	4	12	13	8	19	15	20	7	4	4	32	21	15	14	24	15	10	2	22	7	12	5	20	16	17	22	17	12	24	9	10	31	0	20	2	18	9	20	21	22	11	8	10	27	13	6	24	8	3	8	20	14	14	3	12	15	17	17	6	19	3	4	12	11	25	27	18	21	25	4	6	18	30	18	19	2	14	22	14	2	13	4	7	26	3	7
10	13	4	18	19	8	20	10	9	15	16	16	22	7	4	16	20	13	28	17	5	13	20	24	17	12	3	10	22	5	15	11	18	3	14	10	15	27	18	14	19	10	9	6	13	17	11	20	0	21	11	11	7	1	15	11	23	17	7	15	17	18	14	23	17	27	6	22	23	12	23	3	9	14	9	17	16	17	10	10	8	3	21	6	16	19	26	15	10	4	18	11	13	6	19	12	16	14	13	19	13
20	9	24	8	3	15	12	12	30	7	37	7	19	19	25	6	12	15	7	20	16	21	5	3	5	33	22	17	15	26	16	11	4	24	7	14	7	18	18	18	23	18	13	25	10	11	32	2	21	0	20	11	22	22	24	13	10	8	28	15	4	25	10	3	10	21	15	12	5	14	13	19	19	7	20	4	5	14	12	26	29	19	22	27	5	8	16	31	20	21	4	16	24	15	4	15	6	8	27	2	9
20	15	14	28	19	19	9	9	20	17	27	14	32	9	15	16	30	5	17	27	16	23	25	22	17	23	14	3	32	16	26	14	18	14	25	7	19	38	28	24	29	20	15	17	24	28	22	18	11	20	0	20	17	12	4	8	12	28	18	5	24	28	11	18	10	38	12	32	15	22	33	12	9	23	20	19	18	27	12	20	19	9	31	17	22	13	36	25	4	15	17	4	24	5	17	6	19	17	24	21	19
10	5	13	8	8	5	12	12	20	4	26	7	12	17	15	5	10	15	17	10	6	11	9	13	6	23	12	17	12	15	6	7	7	13	5	14	4	18	9	8	13	8	5	15	4	8	22	9	11	11	20	0	11	12	24	12	12	8	18	15	7	15	9	12	10	18	8	13	12	3	13	8	18	4	10	7	6	7	8	16	18	13	12	16	6	9	17	21	19	10	7	16	13	15	9	14	5	3	17	9	2
4	13	10	14	19	7	20	10	9	15	15	16	15	14	4	16	13	13	28	10	6	7	20	24	17	12	4	14	15	8	9	11	18	4	15	11	15	21	12	7	12	4	9	4	12	11	11	20	7	22	17	11	0	6	21	11	23	17	7	15	18	12	14	23	17	21	7	16	23	8	16	5	15	15	3	18	17	10	10	5	7	10	14	5	17	20	20	10	16	3	18	13	7	12	20	12	16	14	7	20	13
9	14	5	17	19	8	20	10	9	16	15	17	21	8	4	17	19	14	29	16	6	12	20	25	17	11	3	10	21	4	15	11	19	3	15	11	16	27	17	13	18	9	9	6	13	17	10	21	1	22	12	12	6	0	15	12	23	17	6	16	18	17	15	24	17	27	7	21	24	11	22	4	10	15	9	18	17	16	10	9	8	4	20	6	17	20	25	14	11	4	19	12	13	7	20	12	17	14	13	20	14
24	19	11	32	23	23	13	13	18	21	26	18	36	8	18	20	34	9	21	31	20	27	29	26	21	22	18	7	36	14	30	18	22	18	29	11	23	42	32	28	33	24	19	21	28	32	25	22	15	24	4	24	21	15	0	12	16	32	18	9	28	32	15	22	14	42	16	36	19	26	37	16	6	27	24	23	22	31	16	24	23	12	35	21	26	17	40	29	5	19	21	8	28	9	21	10	23	21	28	25	23
13	8	13	20	11	11	9	2	20	9	26	6	24	9	15	8	22	3	17	19	8	16	18	14	9	23	12	5	24	15	18	6	10	13	17	2	11	30	21	16	21	13	7	15	16	20	22	11	11	13	8	12	11	12	12	0	12	20	18	4	16	21	3	12	6	30	5	25	12	15	25	8	8	15	12	11	10	19	4	16	18	9	23	16	14	9	29	21	7	10	9	4	16	5	9	2	11	10	17	13	11
22	10	25	18	9	17	3	13	32	8	38	7	22	20	27	7	20	10	7	22	18	23	15	12	7	34	24	13	22	27	18	12	8	25	15	13	9	28	19	19	24	20	14	27	14	18	33	8	23	10	12	12	23	23	16	12	0	18	29	8	14	26	9	8	6	28	17	22	5	15	23	20	20	13	22	9	8	17	13	27	30	20	24	28	12	4	26	32	16	22	7	12	25	17	7	11	9	9	28	11	10
16	13	21	3	9	11	19	19	26	11	32	14	14	24	21	12	7	23	12	16	12	17	3	8	11	28	18	25	11	21	12	14	10	19	3	21	9	10	13	13	18	14	13	21	6	6	27	10	17	8	28	8	17	17	32	20	18	0	23	23	4	20	17	10	18	16	16	5	13	9	7	16	26	5	16	9	10	9	16	21	24	20	18	22	6	15	9	26	27	16	11	24	19	23	11	22	9	11	22	7	9
8	20	7	20	25	13	26	16	3	22	9	23	18	11	3	23	16	20	35	13	12	10	26	31	23	5	6	16	18	5	12	17	25	5	21	17	22	24	15	10	15	10	15	3	18	17	7	27	7	28	18	18	7	6	18	18	29	23	0	22	24	15	21	30	23	24	13	21	30	15	19	10	12	21	8	24	23	15	16	6	5	9	17	3	23	26	23	11	14	8	25	18	10	13	26	18	23	20	10	26	20
15	10	17	23	14	14	5	6	24	12	30	9	27	13	19	11	25	2	13	22	11	18	20	17	12	27	16	6	27	19	21	9	13	17	20	5	14	33	23	19	24	15	10	19	19	23	26	13	15	15	5	15	15	16	9	4	8	23	22	0	19	23	6	13	5	33	9	27	10	17	28	12	12	18	15	14	13	22	7	20	22	13	26	20	17	8	31	25	8	14	12	4	19	9	12	4	14	12	21	16	14
16	9	20	5	5	11	15	15	26	7	33	10	15	20	21	8	8	19	11	16	12	17	3	7	7	29	18	21	11	22	12	10	6	20	3	17	5	14	14	14	19	14	9	21	6	7	28	6	17	4	24	7	18	18	28	16	14	4	24	19	0	21	13	6	14	17	12	9	9	10	10	15	22	3	16	5	6	10	12	22	25	16	18	23	2	11	13	27	23	17	7	20	20	19	7	18	5	7	23	3	5
8	17	22	17	22	10	23	20	15	19	12	20	7	25	15	20	13	23	32	5	13	5	23	28	20	11	15	25	10	19	9	15	22	15	18	22	19	10	8	7	2	8	14	12	15	14	8	24	18	25	28	15	12	17	32	21	26	20	15	23	21	0	18	27	20	10	17	18	27	12	14	17	27	18	9	21	20	12	17	9	10	21	3	12	20	23	14	6	28	14	22	24	5	23	23	23	20	17	5	23	17
13	5	16	17	8	8	6	5	23	6	29	3	21	12	18	5	19	6	14	16	9	14	15	11	6	26	15	8	21	18	15	4	7	16	14	5	8	27	18	13	18	11	6	18	13	17	25	8	14	10	11	9	14	15	15	3	9	17	21	6	13	18	0	9	3	27	8	22	9	12	22	11	11	12	13	8	7	16	5	19	21	12	20	19	11	6	26	24	10	13	6	7	16	8	6	5	8	7	20	10	8
22	10	25	10	5	17	10	14	32	8	38	7	20	21	27	7	14	13	5	22	18	23	8	4	7	35	24	15	17	27	18	13	5	25	9	13	8	20	19	20	25	20	15	27	12	13	34	3	23	3	18	12	23	24	22	12	8	10	30	13	6	27	9	0	8	23	17	15	3	15	15	20	20	9	22	6	7	15	14	28	30	21	24	28	7	5	19	33	17	22	5	14	25	17	4	12	7	10	29	4	10
16	5	19	18	9	11	3	7	26	7	32	4	22	14	21	6	20	5	12	17	12	17	15	12	7	28	18	7	22	21	16	6	8	19	15	7	9	28	18	14	19	14	8	21	14	18	27	8	17	10	10	10	17	17	14	6	6	18	23	5	14	20	3	8	0	28	11	22	7	12	23	14	14	13	16	9	8	17	7	21	24	14	21	22	12	3	26	26	10	16	7	6	19	11	7	5	9	7	22	11	9
18	23	31	13	19	19	29	29	24	21	16	24	6	34	24	22	9	33	28	11	22	15	19	24	21	20	24	35	6	28	12	24	20	24	14	31	19	6	10	14	9	18	23	21	14	10	17	20	27	21	38	18	21	27	42	30	28	16	24	33	17	10	27	23	28	0	26	14	23	16	10	26	36	15	18	19	20	11	26	18	19	30	7	21	16	25	10	13	37	23	21	34	14	33	21	32	19	21	14	19	19
9	7	9	16	13	7	14	4	15	9	22	10	20	9	10	10	18	7	22	15	4	12	14	18	11	18	7	9	20	11	14	5	12	9	13	6	9	26	17	12	17	9	3	10	12	16	17	14	6	15	12	8	7	7	16	5	17	16	13	9	12	17	8	17	11	26	0	21	17	11	21	4	10	11	8	11	10	15	4	11	14	5	19	12	10	13	25	16	11	6	12	8	12	7	13	6	10	8	12	13	7
14	17	26	5	14	14	24	24	24	16	30	19	12	29	19	17	5	27	16	14	17	15	7	11	16	26	19	29	9	23	10	19	15	19	8	26	14	8	11	11	16	12	18	19	9	5	25	14	22	12	32	13	16	21	36	25	22	5	21	27	9	18	22	15	22	14	21	0	17	10	5	21	31	10	14	14	15	7	21	19	22	25	16	20	11	20	4	24	32	18	16	28	17	27	16	27	14	15	20	12	14
22	10	25	13	5	17	7	14	32	8	38	7	20	21	27	7	15	10	5	22	18	23	10	7	7	35	24	14	17	27	18	13	5	25	10	13	8	23	19	20	25	20	15	27	12	13	34	3	23	5	15	12	23	24	19	12	5	13	30	10	9	27	9	3	7	23	17	17	0	15	18	20	20	9	22	6	7	15	14	28	30	21	24	28	7	4	21	33	16	22	5	12	25	17	4	12	7	10	29	6	10
7	7	16	6	11	4	14	14	17	7	23	9	10	19	12	8	8	17	20	7	7	8	12	16	9	20	9	19	10	13	4	9	10	10	7	16	7	16	6	5	10	5	8	12	4	6	19	12	12	14	22	3	8	11	26	15	15	9	15	17	10	12	12	15	12	16	11	10	15	0	11	11	21	7	7	10	9	5	11	13	15	15	9	13	9	12	14	18	22	8	10	18	10	17	12	17	8	6	14	12	5
13	18	26	5	14	15	25	25	20	17	25	20	7	30	19	18	3	28	18	9	18	10	10	14	16	22	20	30	4	24	8	20	16	20	9	27	15	5	6	9	12	13	18	17	10	6	21	15	23	13	33	13	16	22	37	25	23	7	19	28	10	14	22	15	23	10	21	5	18	11	0	21	31	11	14	14	15	6	21	15	17	26	11	17	11	20	4	20	32	19	16	29	12	28	16	27	14	16	16	12	15
9	10	5	16	16	7	17	7	12	12	18	13	20	9	7	13	18	10	25	15	4	12	17	21	14	15	4	9	20	7	14	8	15	5	13	8	12	26	17	12	17	9	6	7	12	16	14	17	3	19	12	8	5	4	16	8	20	16	10	12	15	17	11	20	14	26	4	21	20	11	21	0	10	12	8	15	14	15	7	8	10	5	19	8	14	17	25	13	11	3	15	9	12	7	17	9	13	11	12	17	10
19	14	5	26	17	17	17	7	12	15	20	13	30	2	12	14	28	10	25	25	14	22	24	21	15	16	12	7	30	8	24	12	16	12	23	8	17	36	27	22	27	19	13	15	22	26	19	17	9	19	9	18	15	10	6	8	20	26	12	12	22	27	11	20	14	36	10	31	20	21	31	10	0	21	18	17	16	25	10	18	17	6	29	15	20	17	35	23	5	13	15	9	22	4	17	9	17	16	22	19	17
13	8	17	6	5	8	14	14	23	6	30	9	12	19	18	7	8	18	14	13	9	14	6	10	6	26	15	20	10	19	9	9	5	17	2	16	4	15	11	11	16	11	8	18	3	5	25	6	14	7	23	4	15	15	27	15	13	5	21	18	3	18	12	9	13	15	11	10	9	7	11	12	21	0	13	4	5	7	11	19	22	15	15	20	2	10	14	24	22	14	6	19	17	18	6	17	4	6	20	5	4
1	12	13	13	18	5	19	11	10	14	17	15	13	16	6	15	11	15	27	8	4	4	19	23	16	13	6	17	13	10	6	10	17	6	13	13	14	18	9	5	10	2	8	5	10	10	12	19	9	20	20	10	3	9	24	12	22	16	8	15	16	9	13	22	16	18	8	14	22	7	14	8	18	13	0	16	15	8	9	6	9	12	12	7	15	18	17	11	19	5	17	16	4	15	18	14	15	13	7	18	12
16	5	20	9	2	11	11	11	26	3	33	6	15	16	21	4	11	14	11	16	12	17	7	7	2	29	18	16	13	22	12	7	2	20	6	13	3	19	14	14	19	14	9	21	6	9	28	3	17	4	19	7	18	18	23	11	9	9	24	14	5	21	8	6	9	19	11	14	6	10	14	15	17	4	16	0	1	10	8	22	25	15	18	23	3	6	18	27	18	17	2	15	20	14	2	13	2	4	23	2	5
15	4	19	10	3	10	10	10	25	2	32	5	14	15	20	3	12	13	12	15	11	16	8	8	1	28	17	15	14	21	11	6	2	19	7	12	2	20	13	13	18	13	8	20	6	10	27	4	16	5	18	6	17	17	22	10	8	10	23	13	6	20	7	7	8	20	10	15	7	9	15	14	16	5	15	1	0	9	7	21	24	14	17	22	4	5	19	26	17	16	2	14	19	13	3	12	1	3	22	3	4
7	12	20	6	11	9	19	19	17	11	23	14	5	24	13	12	3	22	20	7	12	8	12	16	10	20	14	24	5	18	3	14	10	14	7	21	9	11	4	5	10	7	12	12	4	3	19	12	17	14	27	7	10	16	31	19	17	9	15	22	10	12	16	15	17	11	15	7	15	5	6	15	25	7	8	10	9	0	15	13	15	20	9	13	9	14	10	18	26	13	10	23	10	22	12	21	8	10	14	12	9
9	4	12	16	9	7	10	4	19	6	25	7	20	9	14	7	18	7	19	15	5	12	14	15	7	21	11	9	20	14	14	2	9	12	13	6	7	26	17	12	17	9	3	14	12	16	20	11	10	12	12	8	10	10	16	4	13	16	16	7	12	17	5	14	7	26	4	21	14	11	21	7	10	11	9	8	7	15	0	14	17	7	19	15	10	10	25	19	11	9	9	8	12	7	10	6	7	6	15	10	7
6	18	13	18	23	11	24	14	7	20	11	21	12	17	6	21	14	18	33	7	10	5	24	29	21	7	7	17	12	11	10	15	23	7	19	15	20	18	9	8	9	8	13	4	16	15	6	25	10	26	20	16	5	9	24	16	27	21	6	20	22	9	19	28	21	18	11	19	28	13	15	8	18	19	6	22	21	13	14	0	3	13	11	4	21	24	17	5	19	6	23	16	4	15	24	16	21	18	4	24	18
9	20	12	21	26	14	27	17	5	22	8	23	14	15	5	23	17	20	35	9	13	8	27	31	24	5	7	17	14	9	13	18	25	5	22	18	22	19	11	11	11	11	16	4	19	18	4	27	8	29	19	18	7	8	23	18	30	24	5	22	25	10	21	30	24	19	14	22	30	15	17	10	17	22	9	25	24	15	17	3	0	11	13	2	24	27	18	7	18	8	25	19	5	14	27	19	23	21	5	27	20
13	11	5	21	16	11	17	7	12	13	18	14	25	4	7	14	23	11	26	20	8	16	18	22	14	14	6	7	25	7	18	8	16	6	17	8	13	30	21	17	22	13	8	9	16	20	13	18	3	19	9	13	10	4	12	9	20	20	9	13	16	21	12	21	14	30	5	25	21	15	26	5	6	15	12	15	14	20	7	13	11	0	24	9	15	17	29	18	7	7	16	9	16	4	17	9	14	11	16	17	11
11	16	24	15	20	13	23	23	18	16	15	18	4	28	17	17	11	26	29	4	16	8	21	25	18	14	18	28	7	22	6	18	19	18	15	25	16	8	5	7	2	11	16	15	12	12	11	21	21	22	31	12	14	20	35	23	24	18	17	26	18	3	20	24	21	7	19	16	24	9	11	19	29	15	12	18	17	9	19	11	13	24	0	15	17	20	12	9	30	17	19	27	8	26	20	25	17	15	8	20	14
7	18	10	19	24	12	25	15	4	20	10	21	16	13	3	21	15	18	33	11	11	7	25	29	22	7	5	15	16	7	11	16	23	3	20	16	20	21	12	9	13	9	14	2	17	16	6	25	6	27	17	16	5	6	21	16	28	22	3	20	23	12	19	28	22	21	12	20	28	13	17	8	15	20	7	23	22	13	15	4	2	9	15	0	22	25	20	9	16	6	23	17	7	12	25	17	21	19	7	25	18
15	7	19	6	3	10	14	14	25	6	32	9	14	19	20	7	8	17	12	15	11	16	4	8	5	28	17	19	10	21	11	9	5	19	3	16	4	16	13	13	18	13	8	20	5	6	27	4	16	5	22	6	17	17	26	14	12	6	23	17	2	20	11	7	12	16	10	11	7	9	11	14	20	2	15	3	4	9	10	21	24	15	17	22	0	9	15	26	21	16	5	18	19	17	5	16	3	5	22	3	4
18	7	22	15	6	13	5	10	28	5	35	4	19	17	23	4	17	8	9	18	14	19	13	9	4	31	20	10	19	24	14	9	5	22	12	9	6	25	16	16	21	16	11	23	11	15	30	6	19	8	13	9	20	20	17	9	4	15	26	8	11	23	6	5	3	25	13	20	4	12	20	17	17	10	18	6	5	14	10	24	27	17	20	25	9	0	24	29	12	19	4	9	22	13	4	8	6	6	25	8	7
16	21	30	9	18	18	28	28	23	20	26	23	8	33	23	21	7	31	20	10	21	13	11	15	20	22	23	33	5	27	11	23	19	23	12	30	18	4	8	13	12	16	22	20	13	9	21	18	26	16	36	17	20	25	40	29	26	9	23	31	13	14	26	19	26	10	25	4	21	14	4	25	35	14	17	18	19	10	25	17	18	29	12	20	15	24	0	20	36	22	20	32	13	31	20	31	18	19	16	16	18
11	23	18	23	28	16	29	19	12	25	6	26	13	22	11	26	19	23	38	11	15	10	29	34	26	8	12	22	16	16	15	20	28	12	24	20	25	16	14	13	8	13	18	9	21	20	5	30	15	31	25	21	10	14	29	21	32	26	11	25	27	6	24	33	26	13	16	24	33	18	20	13	23	24	11	27	26	18	19	5	7	18	9	9	26	29	20	0	24	11	28	21	8	20	29	21	26	23	4	29	23
20	15	10	27	18	18	13	8	16	16	23	13	31	5	13	15	29	6	21	26	15	23	25	21	16	19	13	3	31	12	25	13	17	13	24	6	18	37	28	23	28	20	14	16	23	27	20	18	10	20	4	19	16	11	5	7	16	27	14	8	23	28	10	17	10	37	11	32	16	22	32	11	5	22	19	18	17	26	11	19	18	7	30	16	21	12	36	24	0	14	16	4	23	5	16	5	18	17	23	20	18
6	12	8	14	18	6	19	9	10	14	16	15	18	11	5	15	16	12	27	13	5	9	19	23	16	13	2	12	18	5	11	10	17	3	14	10	14	23	14	10	15	6	8	5	11	13	12	19	4	21	15	10	3	4	19	10	22	16	8	14	17	14	13	22	16	23	6	18	22	8	19	3	13	14	5	17	16	13	9	6	8	7	17	6	16	19	22	11	14	0	17	11	9	10	19	11	15	13	9	19	12
17	5	20	11	2	12	9	9	27	3	33	4	15	16	22	2	13	12	10	17	13	18	9	6	2	30	19	14	15	22	13	8	1	20	8	11	3	21	14	15	20	15	10	22	7	11	29	2	18	4	17	7	18	19	21	9	7	11	25	12	7	22	6	5	7	21	12	16	5	10	16	15	15	6	17	2	2	10	9	23	25	16	19	23	5	4	20	28	16	17	0	13	20	12	2	11	2	5	24	4	5
16	11	14	24	15	15	9	5	20	13	27	10	28	9	15	12	26	2	17	23	12	19	21	18	13	23	12	2	28	16	22	10	14	14	21	3	15	34	24	20	25	16	11	15	20	24	22	14	11	16	4	16	13	12	8	4	12	24	18	4	20	24	7	14	6	34	8	28	12	18	29	9	9	19	16	15	14	23	8	16	19	9	27	17	18	9	32	21	4	11	13	0	20	5	13	2	15	13	20	17	15
4	15	17	16	21	9	22	15	10	17	13	18	9	20	10	18	12	19	30	4	8	3	22	26	19	10	10	21	9	14	8	13	20	10	17	17	17	14	6	6	6	6	11	7	14	13	9	22	13	24	24	13	7	13	28	16	25	19	10	19	20	5	16	25	19	14	12	17	25	10	12	12	22	17	4	20	19	10	12	4	5	16	8	7	19	22	13	8	23	9	20	20	0	19	22	18	18	16	4	22	15
15	10	9	23	14	14	14	4	15	12	22	10	27	4	10	11	25	7	22	22	11	18	20	18	12	18	9	4	27	11	21	9	13	9	20	4	14	33	23	19	24	15	10	12	19	23	17	14	6	15	5	15	12	7	9	5	17	23	13	9	19	23	8	17	11	33	7	27	17	17	28	7	4	18	15	14	13	22	7	15	14	4	26	12	17	13	31	20	5	10	12	5	19	0	13	6	14	12	19	16	14
18	7	22	11	2	13	9	10	28	5	35	4	17	17	23	4	13	12	9	18	14	19	9	5	3	31	20	14	15	24	14	9	2	22	8	11	5	21	16	16	21	16	11	23	8	11	30	2	19	4	17	9	20	20	21	9	7	11	26	12	7	23	6	4	7	21	13	16	4	12	16	17	17	6	18	2	3	12	10	24	27	17	20	25	5	4	20	29	16	19	2	13	22	13	0	11	4	6	25	4	7
15	10	14	22	13	13	8	3	21	11	27	8	26	9	16	10	24	2	17	21	10	18	20	16	11	23	13	3	26	16	20	8	12	14	19	2	13	32	23	18	23	15	9	16	18	22	22	13	12	15	6	14	12	12	10	2	11	22	18	4	18	23	5	12	5	32	6	27	12	17	27	9	9	17	14	13	12	21	6	16	19	9	25	17	16	8	31	21	5	11	11	2	18	6	11	0	13	12	18	15	13
15	4	18	9	3	10	11	11	25	3	31	6	13	16	20	4	11	14	12	15	11	16	7	8	2	28	17	16	13	20	11	6	2	18	6	13	1	19	12	13	18	13	8	20	5	9	27	4	16	6	19	5	16	17	23	11	9	9	23	14	5	20	8	7	9	19	10	14	7	8	14	13	17	4	15	2	1	8	7	21	23	14	17	21	3	6	18	26	18	15	2	15	18	14	4	13	0	3	22	4	3
13	2	16	11	5	8	9	9	23	2	29	4	15	14	18	3	13	12	15	13	9	14	8	11	3	25	15	14	15	18	9	4	5	16	8	11	2	21	11	10	15	11	5	18	7	11	24	7	14	8	17	3	14	14	21	10	9	11	20	12	7	17	7	10	7	21	8	15	10	6	16	11	16	6	13	4	3	10	6	18	21	11	15	19	5	6	19	23	17	13	5	13	16	12	6	12	3	0	19	6	2
7	19	17	19	24	12	25	15	10	21	10	22	9	20	10	22	15	19	34	7	11	6	25	30	22	6	10	21	12	14	11	16	24	10	20	17	21	14	10	9	6	9	14	7	17	16	5	26	13	27	24	17	7	13	28	17	28	22	10	21	23	5	20	29	22	14	12	20	29	14	16	12	22	20	7	23	22	14	15	4	5	16	8	7	22	25	16	4	23	9	24	20	4	19	25	18	22	19	0	25	19
18	7	22	7	2	13	13	13	28	5	35	8	17	18	23	6	10	16	9	18	14	19	5	5	4	31	20	18	13	24	14	9	4	22	5	15	5	17	16	16	21	16	11	23	8	9	30	3	19	2	21	9	20	20	25	13	11	7	26	16	3	23	10	4	11	19	13	12	6	12	12	17	19	5	18	2	3	12	10	24	27	17	20	25	3	8	16	29	20	19	4	17	22	16	4	15	4	6	25	0	7
12	4	15	10	6	7	10	10	22	2	28	5	14	15	17	3	12	14	15	12	8	13	7	11	4	25	14	16	14	17	8	5	5	15	6	12	2	19	10	10	15	10	5	17	5	9	24	7	13	9	19	2	13	14	23	11	10	9	20	14	5	17	8	10	9	19	7	14	10	5	15	10	17	4	12	5	4	9	7	18	20	11	14	18	4	7	18	23	18	12	5	15	15	14	7	13	3	2	19	7	0
