100
25
25
125
1
2
1000
5
60
65
10
0.67
0.8
15
1
100

0	33.05	46.04	32.35	26.94	31.04	49.2	28.43	20.82	49.23	49.64	45.35	38.42	34.98	38.05	24.73	23.1	14.96	44.7	47.4	47.71	9.97	7.8	12.53	28.83	8.32	0.03	0.23	1.52	0.14	1.65	1.44	0.18	0.6	0.88	0.32	1.85	1.11	0.04	1.7	2.2	0.35	2.03	0.63	0.06	1.33	2.34	1.92	1.01	1.79	1.2	1.1	2.36	1.45	1.96	1.79	0.36	1.73	0.98	0.32	1.6	1.24	0.16	1.31	0.79	2.14	0.02	0.51	2.2	0.55	0.79	0.86	2	1.43	2.03	0.22	0.48	1.57	0.16	1.86	1.51	2	0.4	1.84	1.89	2.2	1.07	0.47	0.76	0.8	1.11	0.9	1.56	2.35	0.72	0.61	2.3	2.32	0.77	0.19	1.95

0	0.25	0.25	0.25	0.25	0.25	0.25	0.25	0.25	0.25	0.25	0.25	0.25	0.25	0.25	0.25	0.25	0.25	0.25	0.25	0.25	0.25	0.25	0.25	0.25	0.25	0.08	0.08	0.08	0.08	0.08	0.08	0.08	0.08	0.08	0.08	0.08	0.08	0.08	0.08	0.08	0.08	0.08	0.08	0.08	0.08	0.08	0.08	0.08	0.08	0.08	0.08	0.08	0.08	0.08	0.08	0.08	0.08	0.08	0.08	0.08	0.08	0.08	0.08	0.08	0.08	0.08	0.08	0.08	0.08	0.08	0.08	0.08	0.08	0.08	0.08	0.08	0.08	0.08	0.08	0.08	0.08	0.08	0.08	0.08	0.08	0.08	0.08	0.08	0.08	0.08	0.08	0.08	0.08	0.08	0.08	0.08	0.08	0.08	0.08	0.08

0	1.6	10.4	16.2	5.2	5.8	22.8	26.4	12.8	23.6	6.6	10.4	15	16.2	20.4	11.2	8.2	27.8	3.6	22.2	15.2	24.8	22.4	8.4	27.2	14.8	29.4	7.4	22.6	3.4	23	5.8	13	13.8	18.6	15.4	14.6	24.6	10.4	4.6	12	14	15	22.2	23.4	12	4	26.6	12.2	14.4	11	4.2	26.8	24.6	10.8	24.8	9	6.8	6.4	27	19.2	15.6	14.2	21.4	25.6	9.8	10	24.6	6.4	18.4	5	21.2	4.8	7.4	6.8	19.6	14.8	26.2	4.4	2.8	7	8.6	24.2	6	7.6	4.4	9.8	4.8	23.2	11.8	20.8	9.6	15.2	24.6	21	9	25.8	14.4	23.2	15.8	2.2

46	15	21.8	25.6	17.4	18	33	38.8	24.2	34.2	22	21.4	24.8	26	31	21.8	22.4	42.2	17.6	32.4	25.4	38	32.2	20.2	40	24.6	42	19.6	32.8	20	32	19.8	22.8	22.8	26.4	26.8	25.2	39.6	20.6	17.2	23	24.2	24.8	34	35.2	23	18.6	39.6	22	26.2	21.2	17.8	39.8	39	21.8	37.8	20.4	21	18.6	39.6	29.4	23.8	26	30	38.4	22.6	21.4	36.8	22.8	30.2	18.2	32.6	17	19.2	20.6	28.6	25.8	39.2	17.4	15.6	19.2	20.4	37.2	19	19.4	19.2	20.4	18.4	35.6	23.2	31.8	21.4	26.2	36.8	31.2	20.4	39.8	24.2	35	23.2	15.2

0	5	12	13	7	10	14	19	6	13	20	20	8	16	4	13	16	10	16	22	15	14	9	12	7	23	10	11	17	15	15	16	9	10	18	16	9	3	6	2	15	18	13	17	9	27	15	1	7	15	18	13	13	18	12	19	16	13	17	10	10	7	8	7	10	17	6	15	22	14	18	17	4	12	11	7	9	12	13	14	19	20	19	8	9	14	4	5	13	24	11	18	12	15	7	22	16	7	8	15	5
5	0	14	8	4	9	9	14	11	11	18	15	4	11	7	11	18	5	11	17	14	12	7	14	7	18	5	11	12	10	10	11	7	5	19	11	11	6	6	3	10	13	10	15	8	22	10	5	9	14	13	8	8	13	17	14	15	15	12	8	15	12	13	9	12	22	7	13	17	14	13	16	6	10	13	9	14	7	8	9	14	19	17	10	7	12	9	10	18	23	16	19	7	14	12	17	11	10	10	10	3
12	14	0	15	10	5	14	14	12	25	31	15	17	11	15	24	5	12	15	22	27	25	20	4	19	18	19	23	15	14	17	11	20	9	6	22	8	9	18	12	13	13	8	29	21	22	10	13	5	27	13	8	10	15	17	14	28	4	15	22	19	16	18	5	4	22	7	26	17	9	19	29	8	24	7	19	14	17	21	16	24	32	30	4	20	26	9	16	18	36	16	6	14	27	12	17	13	18	10	19	17
13	8	15	0	6	11	2	7	18	11	17	8	5	7	14	10	19	3	3	9	12	16	8	15	15	11	4	18	5	3	3	11	6	7	21	7	15	14	13	11	3	5	11	14	14	15	5	13	10	12	6	8	6	6	24	8	13	16	5	14	23	19	20	13	13	29	9	12	10	15	6	14	10	9	15	16	21	2	7	2	9	17	16	11	11	11	16	18	25	21	23	21	2	12	19	10	4	18	17	4	9
7	4	10	6	0	6	7	12	13	15	22	14	8	10	8	15	14	3	9	15	17	16	11	10	9	16	9	13	10	9	8	9	11	4	16	12	10	8	8	5	8	11	6	19	11	20	9	7	5	17	12	7	7	12	19	12	18	11	10	12	17	13	15	7	8	23	4	17	15	10	12	19	5	14	9	10	15	7	12	7	14	22	21	6	11	16	10	12	20	26	18	16	5	17	14	15	10	12	12	9	7
10	9	5	11	6	0	9	10	15	20	27	11	13	7	11	20	9	8	11	18	23	21	16	8	14	14	14	18	11	10	12	6	16	4	10	18	12	11	13	8	9	9	3	24	17	18	6	10	3	23	9	4	5	11	21	9	24	6	10	17	20	16	17	10	3	26	6	22	13	5	15	25	7	19	12	14	18	13	17	11	19	28	26	7	16	21	13	15	22	32	20	10	9	23	16	13	9	15	14	14	12
14	9	14	2	7	9	0	5	20	13	18	7	7	5	15	11	18	4	2	9	14	17	9	14	16	9	5	19	3	2	3	9	7	5	19	9	17	15	14	12	1	4	10	15	16	13	4	14	9	14	5	6	4	5	26	7	15	15	3	15	24	20	22	14	12	30	10	13	8	14	6	16	12	10	16	17	22	4	8	2	10	19	17	11	12	12	17	19	27	23	25	19	2	14	21	8	3	19	19	5	10
19	14	14	7	12	10	5	0	25	18	18	2	12	6	20	11	18	9	4	8	13	22	14	17	21	4	10	24	2	4	4	10	11	9	20	8	22	20	19	17	4	2	10	18	21	8	4	19	12	13	3	7	6	2	31	7	14	15	2	20	29	25	27	19	12	35	15	13	3	14	6	15	17	11	21	22	27	7	8	5	10	18	17	16	17	12	22	24	32	22	30	20	7	14	26	3	3	24	24	5	15
6	11	12	18	13	15	20	25	0	13	19	26	13	22	5	16	17	16	21	27	18	13	11	12	7	29	15	11	23	21	21	21	14	16	18	21	9	5	6	8	21	23	18	17	9	33	21	6	13	20	24	19	19	24	6	24	16	15	23	10	7	4	6	7	14	11	10	16	28	19	24	17	8	14	11	7	3	18	19	20	24	20	18	9	8	15	4	4	7	24	5	18	18	15	4	28	22	6	9	21	10
13	11	25	11	15	20	13	18	13	0	7	19	8	16	10	9	29	13	14	20	11	5	5	25	6	22	8	7	16	14	14	20	7	16	30	14	22	16	7	13	14	16	21	4	4	26	15	12	20	13	17	17	15	17	13	18	9	26	16	3	12	9	9	20	23	18	18	9	21	25	17	7	17	7	24	6	11	11	12	13	17	9	6	21	5	8	16	9	14	12	18	30	11	4	16	21	15	7	21	14	8
20	18	31	17	22	27	18	18	19	7	0	20	14	23	16	7	36	19	16	16	6	10	11	31	13	21	13	12	16	17	15	27	11	23	37	10	28	23	14	20	18	18	27	5	11	21	21	19	26	8	20	24	22	16	20	25	4	32	17	10	16	16	14	26	29	23	25	5	16	32	12	3	23	8	30	13	18	15	10	16	13	4	5	28	11	6	23	16	19	5	24	37	18	5	23	17	18	13	28	13	15
20	15	15	8	14	11	7	2	26	19	20	0	13	4	22	13	16	11	5	10	15	24	15	19	22	3	11	26	4	5	6	8	12	10	18	10	23	21	21	18	6	3	8	19	22	7	5	20	14	15	2	7	7	4	32	5	16	13	4	21	30	27	28	20	12	37	16	15	5	12	8	17	18	12	22	24	29	9	10	7	12	20	19	18	19	14	24	25	33	24	31	21	9	15	27	3	4	25	25	7	16
8	4	17	5	8	13	7	12	13	8	14	13	0	9	9	7	22	5	8	14	10	11	3	17	10	16	2	13	10	8	8	13	3	9	23	8	14	9	8	6	8	10	13	12	9	20	8	8	12	10	11	10	8	11	19	11	11	18	10	9	18	14	15	12	15	24	11	9	15	18	11	12	9	7	16	11	16	5	6	7	11	15	13	14	6	9	11	13	20	19	18	23	5	10	14	15	9	13	14	8	4
16	11	11	7	10	7	5	6	22	16	23	4	9	0	18	16	13	7	7	14	19	20	12	15	18	7	10	22	7	6	8	4	12	6	14	14	19	17	17	14	5	5	5	20	18	11	2	16	10	19	3	3	3	7	28	3	20	10	6	17	26	23	24	16	8	33	12	18	9	9	11	21	14	15	18	20	25	9	13	7	15	24	22	14	15	17	20	21	29	28	27	17	5	19	23	6	5	21	21	10	12
4	7	15	14	8	11	15	20	5	10	16	22	9	18	0	11	20	11	17	23	13	10	7	15	4	24	11	8	18	17	16	17	10	12	21	17	12	7	3	4	16	19	14	14	6	28	17	3	10	15	20	15	15	20	11	20	13	16	18	7	9	5	7	10	13	15	9	12	23	16	20	14	7	10	14	4	7	13	14	15	20	17	15	12	5	11	7	4	12	21	10	21	13	12	7	23	18	4	12	16	6
13	11	24	10	15	20	11	11	16	9	7	13	7	16	11	0	29	12	9	12	3	13	5	24	12	14	6	15	9	10	8	20	4	16	30	6	21	16	10	13	11	11	20	9	12	17	14	12	19	4	13	17	15	9	22	18	4	25	10	11	20	16	18	19	22	26	18	2	12	25	9	5	16	2	23	13	18	8	3	9	9	8	8	21	8	2	16	15	23	12	21	30	11	5	17	12	11	15	21	6	8
16	18	5	19	14	9	18	18	17	29	36	16	22	13	20	29	0	17	20	26	31	30	25	8	23	15	23	27	20	19	21	9	25	13	4	26	12	13	22	16	18	18	9	33	25	20	15	17	10	31	16	12	14	20	21	11	32	4	19	26	23	20	23	10	7	26	11	31	21	4	24	33	13	28	12	23	18	21	26	20	28	36	35	8	25	30	13	20	22	40	20	10	18	31	16	19	18	23	14	23	21
10	5	12	3	3	8	4	9	16	13	19	11	5	7	11	12	17	0	6	12	15	13	8	12	12	13	7	15	7	6	5	8	8	4	18	10	13	11	10	8	5	8	8	17	12	17	6	10	7	15	9	5	4	9	22	9	16	13	7	11	20	16	18	10	10	26	6	14	12	13	9	17	8	12	12	13	18	5	9	4	12	20	18	9	8	14	13	15	23	24	21	18	2	15	17	12	7	15	15	7	6
16	11	15	3	9	11	2	4	21	14	16	5	8	7	17	9	20	6	0	7	12	19	11	15	18	8	6	21	2	1	2	11	7	7	21	7	18	17	16	14	2	2	11	14	17	12	5	16	10	12	4	8	6	3	27	9	13	16	2	17	26	22	23	16	13	32	12	11	7	16	4	14	13	9	18	19	24	4	6	2	9	17	15	13	14	11	19	21	28	21	26	21	4	12	22	7	2	21	20	4	12
22	17	22	9	15	18	9	8	27	20	16	10	14	14	23	12	26	12	7	0	10	25	17	22	24	12	12	27	7	8	7	18	13	14	28	6	24	23	22	20	9	9	18	20	23	7	12	22	17	8	11	15	13	7	33	15	12	23	8	23	32	28	29	22	20	38	18	11	5	22	4	13	19	13	24	25	30	10	9	8	3	12	20	19	20	13	25	27	34	16	32	28	10	17	28	8	9	27	26	7	18
15	14	27	12	17	23	14	13	18	11	6	15	10	19	13	3	31	15	12	10	0	15	7	27	14	17	9	17	12	13	11	23	7	19	33	5	24	18	12	15	14	14	23	11	14	15	17	15	22	2	16	20	18	12	24	20	2	28	13	13	22	18	20	22	25	28	21	2	10	27	8	4	19	4	26	15	20	10	6	12	7	5	10	23	10	3	19	17	25	9	23	33	14	7	19	13	14	17	23	9	11
14	12	25	16	16	21	17	22	13	5	10	24	11	20	10	13	30	13	19	25	15	0	9	25	7	26	13	3	20	19	18	21	12	17	31	19	22	17	8	14	18	21	21	5	5	30	19	13	20	17	22	18	17	22	14	22	14	26	20	4	7	10	7	20	23	15	19	14	25	26	22	12	17	12	24	7	12	15	16	17	22	14	5	22	5	13	17	10	11	11	18	31	15	9	17	25	20	7	22	18	9
9	7	20	8	11	16	9	14	11	5	11	15	3	12	7	5	25	8	11	17	7	9	0	20	7	18	5	11	12	10	10	16	4	12	26	11	17	12	6	9	10	13	16	9	7	22	10	8	15	9	13	13	11	13	17	14	8	21	12	6	15	12	13	15	18	22	14	6	17	21	13	9	12	4	19	9	14	7	8	9	14	12	10	17	4	6	12	10	18	16	16	26	7	7	12	17	11	10	17	10	4
12	14	4	15	10	8	14	17	12	25	31	19	17	15	15	24	8	12	15	22	27	25	20	0	19	21	19	23	15	14	17	14	20	9	6	22	5	9	18	12	13	16	11	29	21	25	14	13	5	27	17	12	12	17	14	17	28	7	15	22	19	16	18	5	7	18	7	26	20	12	19	29	8	24	4	19	14	17	21	16	24	32	30	4	20	26	9	16	15	36	13	6	14	27	9	20	15	18	7	19	17
7	7	19	15	9	14	16	21	7	6	13	22	10	18	4	12	23	12	18	24	14	7	7	19	0	25	12	4	19	17	17	18	11	12	24	18	16	10	2	7	17	20	15	10	3	29	17	6	14	16	20	15	15	20	10	21	12	20	19	3	8	5	6	14	17	15	12	13	24	19	20	11	11	11	18	2	7	14	15	16	21	14	12	15	4	11	10	3	11	18	12	24	14	9	10	24	18	3	15	17	6
23	18	18	11	16	14	9	4	29	22	21	3	16	7	24	14	15	13	8	12	17	26	18	21	25	0	14	28	6	8	8	8	15	13	18	12	26	24	23	21	8	6	11	22	25	5	8	23	16	17	5	10	10	5	35	5	18	14	6	24	33	29	31	23	15	39	19	16	7	11	9	19	21	15	25	26	31	11	11	9	13	22	21	20	21	15	26	28	36	26	34	24	11	18	30	4	7	28	28	8	19
10	5	19	4	9	14	5	10	15	8	13	11	2	10	11	6	23	7	6	12	9	13	5	19	12	14	0	15	8	6	6	14	2	10	24	6	16	11	10	8	6	8	15	10	11	18	9	10	14	9	9	11	9	9	21	12	10	20	8	11	20	16	17	14	17	26	12	8	13	19	9	11	11	5	18	13	18	3	4	5	9	14	12	15	8	7	13	15	22	18	20	24	5	9	16	13	7	15	15	6	6
11	11	23	18	13	18	19	24	11	7	12	26	13	22	8	15	27	15	21	27	17	3	11	23	4	28	15	0	22	21	20	21	14	16	28	21	20	14	5	11	20	23	19	7	4	32	21	10	18	19	24	19	19	24	11	24	16	24	22	5	5	7	5	18	21	13	16	16	27	23	24	14	15	14	22	4	9	17	18	19	24	16	8	19	7	15	14	7	8	14	16	28	17	11	14	27	22	5	19	20	10
17	12	15	5	10	11	3	2	23	16	16	4	10	7	18	9	20	7	2	7	12	20	12	15	19	6	8	22	0	2	2	11	9	7	21	7	20	18	17	15	2	2	11	16	19	10	5	17	10	12	4	8	6	2	29	9	13	16	1	18	27	23	25	17	13	33	13	11	5	16	4	14	15	9	19	20	25	5	6	3	9	17	15	14	15	11	20	22	30	21	28	21	5	12	24	5	2	22	22	4	13
15	10	14	3	9	10	2	4	21	14	17	5	8	6	17	10	19	6	1	8	13	19	10	14	17	8	6	21	2	0	3	10	7	6	20	8	18	16	16	13	1	3	10	15	17	12	4	15	9	13	3	7	5	3	27	8	14	15	2	16	25	22	23	15	12	32	11	12	7	15	5	15	13	10	17	19	24	4	7	2	10	18	16	13	14	12	19	20	28	22	26	20	4	13	22	7	1	20	20	5	11
15	10	17	3	8	12	3	4	21	14	15	6	8	8	16	8	21	5	2	7	11	18	10	17	17	8	6	20	2	3	0	12	7	8	22	6	18	16	15	13	4	4	13	14	17	12	7	15	12	11	6	9	7	4	27	10	12	18	2	16	25	21	23	15	15	31	11	10	7	17	4	13	13	7	17	18	23	3	5	1	7	16	14	13	13	9	18	20	28	20	26	22	3	11	22	7	4	20	20	2	11
16	11	11	11	9	6	9	10	21	20	27	8	13	4	17	20	9	8	11	18	23	21	16	14	18	8	14	21	11	10	12	0	16	6	10	18	18	17	16	14	9	9	3	24	17	12	6	16	9	23	7	3	5	11	27	3	24	7	10	17	26	22	23	16	7	32	12	22	13	5	15	25	13	19	18	19	24	13	17	11	19	28	26	13	16	21	19	21	28	32	26	16	9	23	22	10	9	21	20	14	12
9	7	20	6	11	16	7	11	14	7	11	12	3	12	10	4	25	8	7	13	7	12	4	20	11	15	2	14	9	7	7	16	0	12	26	7	17	12	9	9	7	9	16	9	10	19	10	9	15	7	10	13	11	10	20	14	8	21	9	10	19	15	16	15	18	25	14	6	14	21	10	9	12	4	19	12	17	4	5	6	10	12	10	17	7	6	12	14	21	16	19	26	7	7	15	14	8	14	17	7	5
10	5	9	7	4	4	5	9	16	16	23	10	9	6	12	16	13	4	7	14	19	17	12	9	12	13	10	16	7	6	8	6	12	0	14	14	13	11	11	8	5	8	5	20	13	17	5	10	4	19	8	3	3	8	22	9	20	10	7	13	20	17	18	10	7	27	6	18	12	9	11	21	8	15	12	14	19	9	13	7	15	24	22	8	12	17	14	15	23	28	21	14	5	19	17	12	6	15	15	10	8
18	19	6	21	16	10	19	20	18	30	37	18	23	14	21	30	4	18	21	28	33	31	26	6	24	18	24	28	21	20	22	10	26	14	0	28	9	15	23	18	19	19	10	34	27	22	16	18	11	33	17	13	15	21	17	13	34	5	20	27	24	21	24	11	8	22	12	32	23	8	25	35	14	29	8	24	19	23	27	21	29	38	36	10	26	31	14	21	20	42	16	6	19	33	14	20	19	24	10	24	22
16	11	22	7	12	18	9	8	21	14	10	10	8	14	17	6	26	10	7	6	5	19	11	22	18	12	6	21	7	8	6	18	7	14	28	0	19	17	16	14	9	9	18	14	17	12	12	16	17	5	11	15	13	7	27	15	6	23	8	17	26	22	23	17	20	32	16	5	7	22	3	7	14	7	21	19	24	5	3	7	3	10	14	18	14	7	19	21	28	14	26	28	9	11	22	8	9	21	20	4	12
9	11	8	15	10	12	17	22	9	22	28	23	14	19	12	21	12	13	18	24	24	22	17	5	16	26	16	20	20	18	18	18	17	13	9	19	0	6	15	9	18	20	15	26	18	30	18	10	10	24	21	16	16	21	9	21	25	12	20	19	16	13	15	3	11	14	7	23	25	16	21	26	5	21	2	16	11	15	18	17	21	29	27	6	17	23	6	13	12	33	8	9	15	24	6	25	19	15	2	18	14
3	6	9	14	8	11	15	20	5	16	23	21	9	17	7	16	13	11	17	23	18	17	12	9	10	24	11	14	18	16	16	17	12	11	15	17	6	0	9	3	16	19	14	20	12	28	16	4	8	18	19	14	14	19	11	20	19	10	18	13	10	7	10	4	10	16	5	18	23	15	19	20	4	15	8	10	8	13	14	15	20	23	22	5	12	17	3	7	12	27	10	15	13	18	6	23	17	10	5	16	8
6	6	18	13	8	13	14	19	6	7	14	21	8	17	3	10	22	10	16	22	12	8	6	18	2	23	10	5	17	16	15	16	9	11	23	16	15	9	0	6	15	18	14	11	4	27	16	5	13	14	19	14	14	19	12	19	11	19	17	4	10	6	8	13	16	16	11	11	22	18	19	12	10	9	17	3	8	12	13	14	19	15	13	14	3	10	9	5	13	19	11	23	12	10	9	22	17	5	14	15	5
2	3	12	11	5	8	12	17	8	13	20	18	6	14	4	13	16	8	14	20	15	14	9	12	7	21	8	11	15	13	13	14	9	8	18	14	9	3	6	0	13	16	11	17	9	25	13	2	7	15	16	11	11	16	14	17	16	13	15	10	12	9	10	7	10	19	6	15	20	12	16	17	4	12	11	7	11	10	11	12	17	20	19	8	9	14	6	7	15	24	13	18	10	15	9	20	14	7	8	13	5
15	10	13	3	8	9	1	4	21	14	18	6	8	5	16	11	18	5	2	9	14	18	10	13	17	8	6	20	2	1	4	9	7	5	19	9	18	16	15	13	0	3	9	16	17	12	3	15	8	14	4	6	4	4	27	7	15	14	2	16	25	21	23	15	11	31	11	13	7	14	6	16	13	11	17	18	23	4	8	3	11	19	17	12	13	13	18	20	28	23	26	19	3	14	22	7	2	20	20	6	11
18	13	13	5	11	9	4	2	23	16	18	3	10	5	19	11	18	8	2	9	14	21	13	16	20	6	8	23	2	3	4	9	9	8	19	9	20	19	18	16	3	0	9	16	19	10	3	18	11	14	2	6	5	2	29	7	15	14	2	19	28	24	25	18	11	34	14	13	5	14	6	16	15	11	20	21	26	6	8	4	11	19	17	15	16	13	21	23	30	23	28	19	6	14	24	5	2	23	22	6	14
13	10	8	11	6	3	10	10	18	21	27	8	13	5	14	20	9	8	11	18	23	21	16	11	15	11	15	19	11	10	13	3	16	5	10	18	15	14	14	11	9	9	0	25	17	15	6	13	6	23	7	4	6	11	24	6	24	5	11	18	23	19	20	13	4	29	9	22	13	5	15	25	10	20	15	16	21	13	17	12	20	28	26	10	16	22	16	18	25	32	23	13	10	23	19	10	9	18	17	15	13
17	15	29	14	19	24	15	18	17	4	5	19	12	20	14	9	33	17	14	20	11	5	9	29	10	22	10	7	16	15	14	24	9	20	34	14	26	20	11	17	16	16	25	0	8	26	19	16	24	13	18	21	19	17	17	22	9	30	16	7	12	13	11	24	27	19	22	9	21	29	17	7	21	7	28	10	15	12	12	13	17	9	2	25	9	8	20	13	14	8	22	34	15	4	20	21	16	11	25	14	12
9	8	21	14	11	17	16	21	9	4	11	22	9	18	6	12	25	12	17	23	14	5	7	21	3	25	11	4	19	17	17	17	10	13	27	17	18	12	4	9	17	19	17	8	0	29	17	9	16	16	20	15	15	20	10	20	12	22	19	1	9	6	6	16	19	15	15	12	24	21	20	10	13	10	20	3	8	14	15	16	20	12	10	17	4	11	13	6	11	15	14	27	14	7	13	24	18	4	17	17	6
27	22	22	15	20	18	13	8	33	26	21	7	20	11	28	17	20	17	12	7	15	30	22	25	29	5	18	32	10	12	12	12	19	17	22	12	30	28	27	25	12	10	15	26	29	0	12	27	20	13	9	14	14	9	39	9	17	18	10	28	37	33	35	27	19	43	23	17	5	16	9	19	25	19	29	30	35	15	14	13	9	17	25	24	25	18	30	32	40	21	38	28	15	22	34	5	11	32	32	12	23
15	10	10	5	9	6	4	4	21	15	21	5	8	2	17	14	15	6	5	12	17	19	10	14	17	8	9	21	5	4	7	6	10	5	16	12	18	16	16	13	3	3	6	19	17	12	0	15	9	17	3	3	2	5	27	4	18	11	5	16	25	22	23	15	8	32	11	16	7	11	9	19	13	14	17	19	24	7	11	6	14	22	20	13	14	16	19	20	28	26	26	16	4	17	22	7	3	20	20	9	11
1	5	13	13	7	10	14	19	6	12	19	20	8	16	3	12	17	10	16	22	15	13	8	13	6	23	10	10	17	15	15	16	9	10	18	16	10	4	5	2	15	18	13	16	9	27	15	0	8	15	18	13	13	18	12	19	16	14	17	9	10	7	8	8	11	17	6	14	22	14	18	17	5	11	12	6	9	12	13	14	19	20	18	9	8	13	4	5	13	24	11	18	12	15	7	22	16	6	9	15	4
7	9	5	10	5	3	9	12	13	20	26	14	12	10	10	19	10	7	10	17	22	20	15	5	14	16	14	18	10	9	12	9	15	4	11	17	10	8	13	7	8	11	6	24	16	20	9	8	0	22	12	7	7	12	19	12	23	6	10	17	17	13	15	7	3	23	3	21	15	7	14	24	5	19	9	14	15	12	16	11	19	27	25	4	15	21	10	12	20	31	18	11	9	22	14	15	10	13	12	14	12
15	14	27	12	17	23	14	13	20	13	8	15	10	19	15	4	31	15	12	8	2	17	9	27	16	17	9	19	12	13	11	23	7	19	33	5	24	18	14	15	14	14	23	13	16	13	17	15	22	0	16	20	18	12	26	20	4	28	13	15	24	20	22	22	25	30	21	4	10	27	8	6	19	6	26	17	22	10	6	12	5	5	12	23	12	5	19	19	27	9	25	33	14	9	21	13	14	19	23	9	11
18	13	13	6	12	9	5	3	24	17	20	2	11	3	20	13	16	9	4	11	16	22	13	17	20	5	9	24	4	3	6	7	10	8	17	11	21	19	19	16	4	2	7	18	20	9	3	18	12	16	0	5	5	4	30	5	17	12	4	19	28	25	26	18	10	35	14	15	6	12	8	18	16	13	20	22	27	7	10	5	13	21	19	16	17	15	22	23	31	25	29	19	7	16	25	4	2	23	23	8	14
13	8	8	8	7	4	6	7	19	17	24	7	10	3	15	17	12	5	8	15	20	18	13	12	15	10	11	19	8	7	9	3	13	3	13	15	16	14	14	11	6	6	4	21	15	14	3	13	7	20	5	0	2	8	25	6	21	9	7	14	23	20	21	13	6	30	9	19	10	8	12	22	11	16	15	17	22	10	14	8	16	25	23	11	13	18	17	18	26	29	24	14	6	20	20	9	6	18	18	11	9
13	8	10	6	7	5	4	6	19	15	22	7	8	3	15	15	14	4	6	13	18	17	11	12	15	10	9	19	6	5	7	5	11	3	15	13	16	14	14	11	4	5	6	19	15	14	2	13	7	18	5	2	0	6	25	6	19	11	5	14	23	20	21	13	8	30	9	17	9	10	10	20	11	14	15	17	22	8	12	6	14	23	21	11	12	16	17	18	26	27	24	15	4	18	20	9	4	18	18	9	9
18	13	15	6	12	11	5	2	24	17	16	4	11	7	20	9	20	9	3	7	12	22	13	17	20	5	9	24	2	3	4	11	10	8	21	7	21	19	19	16	4	2	11	17	20	9	5	18	12	12	4	8	6	0	30	9	13	16	2	19	28	25	26	18	13	35	14	11	4	16	4	14	16	10	20	22	27	7	6	5	9	17	17	16	17	11	22	23	31	21	29	21	7	13	25	4	2	23	23	4	14
12	17	17	24	19	21	26	31	6	13	20	32	19	28	11	22	21	22	27	33	24	14	17	14	10	35	21	11	29	27	27	27	20	22	17	27	9	11	12	14	27	29	24	17	10	39	27	12	19	26	30	25	25	30	0	30	22	21	29	11	7	6	7	12	20	5	16	22	34	25	30	20	14	20	11	9	4	24	25	26	30	22	19	15	14	21	9	7	3	25	5	17	24	17	5	34	28	7	8	27	16
19	14	14	8	12	9	7	7	24	18	25	5	11	3	20	18	11	9	9	15	20	22	14	17	21	5	12	24	9	8	10	3	14	9	13	15	21	20	19	17	7	7	6	22	20	9	4	19	12	20	5	6	6	9	30	0	21	10	8	20	29	25	26	19	10	35	15	20	10	7	13	22	16	17	21	22	27	10	15	9	17	25	24	16	17	19	22	24	31	29	29	19	7	20	25	8	7	24	23	12	15
16	15	28	13	18	24	15	14	16	9	4	16	11	20	13	4	32	16	13	12	2	14	8	28	12	18	10	16	13	14	12	24	8	20	34	6	25	19	11	16	15	15	24	9	12	17	18	16	23	4	17	21	19	13	22	21	0	29	14	11	20	17	18	23	26	27	22	2	12	28	9	2	20	5	27	14	19	11	7	13	9	4	9	24	9	3	20	15	23	8	21	34	15	5	20	14	15	15	24	10	12
13	15	4	16	11	6	15	15	15	26	32	13	18	10	16	25	4	13	16	23	28	26	21	7	20	14	20	24	16	15	18	7	21	10	5	23	12	10	19	13	14	14	5	30	22	18	11	14	6	28	12	9	11	16	21	10	29	0	16	23	20	17	19	9	3	25	8	27	18	5	20	30	9	25	11	20	17	18	22	17	25	33	31	6	21	27	12	17	22	37	20	10	15	28	16	15	14	19	14	20	18
17	12	15	5	10	10	3	2	23	16	17	4	10	6	18	10	19	7	2	8	13	20	12	15	19	6	8	22	1	2	2	10	9	7	20	8	20	18	17	15	2	2	11	16	19	10	5	17	10	13	4	7	5	2	29	8	14	16	0	18	27	23	25	17	13	33	13	12	5	15	5	15	15	9	19	20	25	5	7	3	9	18	16	14	15	11	20	22	30	22	28	20	5	13	24	5	2	22	22	4	13
10	8	22	14	12	17	15	20	10	3	10	21	9	17	7	11	26	11	17	23	13	4	6	22	3	24	11	5	18	16	16	17	10	13	27	17	19	13	4	10	16	19	18	7	1	28	16	9	17	15	19	14	14	19	11	20	11	23	18	0	9	6	7	17	20	16	15	12	23	22	19	10	14	10	21	3	8	13	14	15	20	11	9	18	3	10	13	6	12	15	15	27	13	6	13	23	17	4	18	16	5
10	15	19	23	17	20	24	29	7	12	16	30	18	26	9	20	23	20	26	32	22	7	15	19	8	33	20	5	27	25	25	26	19	20	24	26	16	10	10	12	25	28	23	12	9	37	25	10	17	24	28	23	23	28	7	29	20	20	27	9	0	4	3	14	19	9	14	21	32	24	28	19	13	19	18	7	5	22	23	24	29	20	12	15	12	19	10	5	4	18	12	24	22	15	10	32	26	5	15	25	14
7	12	16	19	13	16	20	25	4	9	16	27	14	23	5	16	20	16	22	28	18	10	12	16	5	29	16	7	23	22	21	22	15	17	21	22	13	7	6	9	21	24	19	13	6	33	22	7	13	20	25	20	20	25	6	25	17	17	23	6	4	0	3	11	15	10	11	17	28	20	25	15	9	15	15	3	2	18	19	20	25	17	15	12	8	16	7	2	7	21	9	21	18	12	7	28	23	3	12	21	11
8	13	18	20	15	17	22	27	6	9	14	28	15	24	7	18	23	18	23	29	20	7	13	18	6	31	17	5	25	23	23	23	16	18	24	23	15	10	8	10	23	25	20	11	6	35	23	8	15	22	26	21	21	26	7	26	18	19	25	7	3	3	0	13	16	9	12	18	30	21	26	16	10	16	17	5	5	20	21	22	26	18	12	15	10	17	10	3	5	18	11	24	20	13	10	30	24	3	15	23	12
7	9	5	13	7	10	14	19	7	20	26	20	12	16	10	19	10	10	16	22	22	20	15	5	14	23	14	18	17	15	15	16	15	10	11	17	3	4	13	7	15	18	13	24	16	27	15	8	7	22	18	13	13	18	12	19	23	9	17	17	14	11	13	0	9	17	4	21	22	14	18	24	3	19	4	14	9	12	16	14	19	27	25	3	15	21	4	11	13	31	11	11	12	22	7	22	16	13	5	15	12
10	12	4	13	8	3	12	12	14	23	29	12	15	8	13	22	7	10	13	20	25	23	18	7	17	15	17	21	13	12	15	7	18	7	8	20	11	10	16	10	11	11	4	27	19	19	8	11	3	25	10	6	8	13	20	10	26	3	13	20	19	15	16	9	0	25	5	24	15	5	17	27	6	22	11	17	17	15	19	14	22	30	28	6	18	24	12	14	21	34	19	9	12	25	15	14	11	16	13	17	15
17	22	22	29	23	26	30	35	11	18	23	37	24	33	15	26	26	26	32	38	28	15	22	18	15	39	26	13	33	32	31	32	25	27	22	32	14	16	16	19	31	34	29	19	15	43	32	17	23	30	35	30	30	35	5	35	27	25	33	16	9	10	9	17	25	0	21	27	38	30	35	25	19	25	15	13	8	28	29	30	35	27	20	19	18	26	13	12	5	26	6	16	28	22	10	38	33	12	12	31	21
6	7	7	9	4	6	10	15	10	18	25	16	11	12	9	18	11	6	12	18	21	19	14	7	12	19	12	16	13	11	11	12	14	6	12	16	7	5	11	6	11	14	9	22	15	23	11	6	3	21	14	9	9	14	16	15	22	8	13	15	14	11	12	4	5	21	0	20	18	10	14	23	2	17	6	12	13	11	15	10	17	26	24	3	14	19	8	9	17	30	15	12	8	21	11	18	12	12	9	12	10
15	13	26	12	17	22	13	13	16	9	5	15	9	18	12	2	31	14	11	11	2	14	6	26	13	16	8	16	11	12	10	22	6	18	32	5	23	18	11	15	13	13	22	9	12	17	16	14	21	4	15	19	17	11	22	20	2	27	12	12	21	17	18	21	24	27	20	0	12	27	8	3	18	3	25	14	19	10	5	11	8	6	9	23	9	2	18	16	23	10	21	32	13	6	18	12	13	16	23	8	10
22	17	17	10	15	13	8	3	28	21	16	5	15	9	23	12	21	12	7	5	10	25	17	20	24	7	13	27	5	7	7	13	14	12	23	7	25	23	22	20	7	5	13	21	24	5	7	22	15	10	6	10	9	4	34	10	12	18	5	23	32	28	30	22	15	38	18	12	0	17	4	14	20	14	24	25	30	10	9	8	7	15	20	19	20	13	25	27	35	19	33	23	10	17	29	3	6	27	27	7	18
14	14	9	15	10	5	14	14	19	25	32	12	18	9	16	25	4	13	16	22	27	26	21	12	19	11	19	23	16	15	17	5	21	9	8	22	16	15	18	12	14	14	5	29	21	16	11	14	7	27	12	8	10	16	25	7	28	5	15	22	24	20	21	14	5	30	10	27	17	0	20	29	11	24	16	19	22	17	22	16	24	32	31	11	21	26	17	19	26	36	24	14	14	27	20	15	14	19	18	19	17
18	13	19	6	12	15	6	6	24	17	12	8	11	11	20	9	24	9	4	4	8	22	13	19	20	9	9	24	4	5	4	15	10	11	25	3	21	19	19	16	6	6	15	17	20	9	9	18	14	8	8	12	10	4	30	13	9	20	5	19	28	25	26	18	17	35	14	8	4	20	0	10	16	10	20	22	27	7	6	5	5	13	17	16	17	9	22	23	31	17	29	25	7	13	25	5	6	23	23	4	14
17	16	29	14	19	25	16	15	17	7	3	17	12	21	14	5	33	17	14	13	4	12	9	29	11	19	11	14	14	15	13	25	9	21	35	7	26	20	12	17	16	16	25	7	10	19	19	17	24	6	18	22	20	14	20	22	2	30	15	10	19	15	16	24	27	25	23	3	14	29	10	0	21	6	28	12	17	12	8	14	10	3	7	25	9	4	21	14	21	7	22	35	16	4	21	15	16	14	25	11	13
4	6	8	10	5	7	12	17	8	17	23	18	9	14	7	16	13	8	13	19	19	17	12	8	11	21	11	15	15	13	13	13	12	8	14	14	5	4	10	4	13	15	10	21	13	25	13	5	5	19	16	11	11	16	14	16	20	9	15	14	13	9	10	3	6	19	2	18	20	11	16	21	0	16	7	11	11	10	13	12	16	24	22	5	12	18	6	8	15	28	13	14	10	19	9	20	14	10	7	13	9
12	10	24	9	14	19	10	11	14	7	8	12	7	15	10	2	28	12	9	13	4	12	4	24	11	15	5	14	9	10	7	19	4	15	29	7	21	15	9	12	11	11	20	7	10	19	14	11	19	6	13	16	14	10	20	17	5	25	9	10	19	15	16	19	22	25	17	3	14	24	10	6	16	0	23	12	17	7	5	8	10	9	7	20	7	2	15	14	21	13	19	29	10	4	15	14	11	14	20	7	7
11	13	7	15	9	12	16	21	11	24	30	22	16	18	14	23	12	12	18	24	26	24	19	4	18	25	18	22	19	17	17	18	19	12	8	21	2	8	17	11	17	20	15	28	20	29	17	12	9	26	20	15	15	20	11	21	27	11	19	21	18	15	17	4	11	15	6	25	24	16	20	28	7	23	0	18	13	16	20	16	23	31	29	5	19	25	8	15	14	35	9	7	14	26	8	24	18	17	3	18	16
7	9	19	16	10	14	17	22	7	6	13	24	11	20	4	13	23	13	19	25	15	7	9	19	2	26	13	4	20	19	18	19	12	14	24	19	16	10	3	7	18	21	16	10	3	30	19	6	14	17	22	17	17	22	9	22	14	20	20	3	7	3	5	14	17	13	12	14	25	19	22	12	11	12	18	0	5	15	16	17	22	14	12	15	5	13	10	3	10	18	12	24	15	9	10	25	20	2	15	18	8
9	14	14	21	15	18	22	27	3	11	18	29	16	25	7	18	18	18	24	30	20	12	14	14	7	31	18	9	25	24	23	24	17	19	19	24	11	8	8	11	23	26	21	15	8	35	24	9	15	22	27	22	22	27	4	27	19	17	25	8	5	2	5	9	17	8	13	19	30	22	27	17	11	17	13	5	0	20	21	22	27	19	17	11	10	18	5	4	5	23	7	19	20	14	5	30	25	5	10	23	13
12	7	17	2	7	13	4	7	18	11	15	9	5	9	13	8	21	5	4	10	10	15	7	17	14	11	3	17	5	4	3	13	4	9	23	5	15	13	12	10	4	6	13	12	14	15	7	12	12	10	7	10	8	7	24	10	11	18	5	13	22	18	20	12	15	28	11	10	10	17	7	12	10	7	16	15	20	0	5	2	7	15	14	13	10	9	15	17	25	19	23	23	4	10	19	10	5	17	17	3	8
13	8	21	7	12	17	8	8	19	12	10	10	6	13	14	3	26	9	6	9	6	16	8	21	15	11	4	18	6	7	5	17	5	13	27	3	18	14	13	11	8	8	17	12	15	14	11	13	16	6	10	14	12	6	25	15	7	22	7	14	23	19	21	16	19	29	15	5	9	22	6	8	13	5	20	16	21	5	0	6	6	11	11	18	11	5	16	18	26	15	24	27	8	8	20	9	8	18	18	3	9
14	9	16	2	7	11	2	5	20	13	16	7	7	7	15	9	20	4	2	8	12	17	9	16	16	9	5	19	3	2	1	11	6	7	21	7	17	15	14	12	3	4	12	13	16	13	6	14	11	12	5	8	6	5	26	9	13	17	3	15	24	20	22	14	14	30	10	11	8	16	5	14	12	8	16	17	22	2	6	0	8	17	15	12	12	10	17	19	27	21	25	21	2	12	21	8	3	19	19	3	10
19	14	24	9	14	19	10	10	24	17	13	12	11	15	20	9	28	12	9	3	7	22	14	24	21	13	9	24	9	10	7	19	10	15	29	3	21	20	19	17	11	11	20	17	20	9	14	19	19	5	13	16	14	9	30	17	9	25	9	20	29	25	26	19	22	35	17	8	7	24	5	10	16	10	23	22	27	7	6	8	0	9	17	20	17	10	22	24	31	13	29	29	10	14	25	10	11	24	23	5	15
20	19	32	17	22	28	19	18	20	9	4	20	15	24	17	8	36	20	17	12	5	14	12	32	14	22	14	16	17	18	16	28	12	24	38	10	29	23	15	20	19	19	28	9	12	17	22	20	27	5	21	25	23	17	22	25	4	33	18	11	20	17	18	27	30	27	26	6	15	32	13	3	24	9	31	14	19	15	11	17	9	0	9	28	12	7	24	17	23	4	25	38	19	5	24	18	19	15	28	14	16
19	17	30	16	21	26	17	17	18	6	5	19	13	22	15	8	35	18	15	20	10	5	10	30	12	21	12	8	15	16	14	26	10	22	36	14	27	22	13	19	17	17	26	2	10	25	20	18	25	12	19	23	21	17	19	24	9	31	16	9	12	15	12	25	28	20	24	9	20	31	17	7	22	7	29	12	17	14	11	15	17	9	0	27	10	8	22	15	16	6	23	36	17	4	22	20	17	12	27	13	14
8	10	4	11	6	7	11	16	9	21	28	18	14	14	12	21	8	9	13	19	23	22	17	4	15	20	15	19	14	13	13	13	17	8	10	18	6	5	14	8	12	15	10	25	17	24	13	9	4	23	16	11	11	16	15	16	24	6	14	18	15	12	15	3	6	19	3	23	19	11	16	25	5	20	5	15	11	13	18	12	20	28	27	0	17	22	6	12	16	32	14	10	10	23	10	19	14	15	8	15	13
9	7	20	11	11	16	12	17	8	5	11	19	6	15	5	8	25	8	14	20	10	5	4	20	4	21	8	7	15	14	13	16	7	12	26	14	17	12	3	9	13	16	16	9	4	25	14	8	15	12	17	13	12	17	14	17	9	21	15	3	12	8	10	15	18	18	14	9	20	21	17	9	12	7	19	5	10	10	11	12	17	12	10	17	0	8	12	7	15	16	13	26	10	7	12	20	15	7	17	13	4
14	12	26	11	16	21	12	12	15	8	6	14	9	17	11	2	30	14	11	13	3	13	6	26	11	15	7	15	11	12	9	21	6	17	31	7	23	17	10	14	13	13	22	8	11	18	16	13	21	5	15	18	16	11	21	19	3	27	11	10	19	16	17	21	24	26	19	2	13	26	9	4	18	2	25	13	18	9	5	10	10	7	8	22	8	0	17	14	22	11	20	31	12	4	17	13	13	14	22	7	9
4	9	9	16	10	13	17	22	4	16	23	24	11	20	7	16	13	13	19	25	19	17	12	9	10	26	13	14	20	19	18	19	12	14	14	19	6	3	9	6	18	21	16	20	13	30	19	4	10	19	22	17	17	22	9	22	20	12	20	13	10	7	10	4	12	13	8	18	25	17	22	21	6	15	8	10	5	15	16	17	22	24	22	6	12	17	0	7	10	28	8	14	15	19	4	25	20	10	5	18	8
5	10	16	18	12	15	19	24	4	9	16	25	13	21	4	15	20	15	21	27	17	10	10	16	3	28	15	7	22	20	20	21	14	15	21	21	13	7	5	7	20	23	18	13	6	32	20	5	12	19	23	18	18	23	7	24	15	17	22	6	5	2	3	11	14	12	9	16	27	19	23	14	8	14	15	3	4	17	18	19	24	17	15	12	7	14	7	0	8	21	9	21	17	12	7	27	21	3	12	20	9
13	18	18	25	20	22	27	32	7	14	19	33	20	29	12	23	22	23	28	34	25	11	18	15	11	36	22	8	30	28	28	28	21	23	20	28	12	12	13	15	28	30	25	14	11	40	28	13	20	27	31	26	26	31	3	31	23	22	30	12	4	7	5	13	21	5	17	23	35	26	31	21	15	21	14	10	5	25	26	27	31	23	16	16	15	22	10	8	0	22	8	20	25	18	6	35	29	8	11	28	17
24	23	36	21	26	32	23	22	24	12	5	24	19	28	21	12	40	24	21	16	9	11	16	36	18	26	18	14	21	22	20	32	16	28	42	14	33	27	19	24	23	23	32	8	15	21	26	24	31	9	25	29	27	21	25	29	8	37	22	15	18	21	18	31	34	26	30	10	19	36	17	7	28	13	35	18	23	19	15	21	13	4	6	32	16	11	28	21	22	0	29	42	23	9	28	22	23	18	32	18	20
11	16	16	23	18	20	25	30	5	18	24	31	18	27	10	21	20	21	26	32	23	18	16	13	12	34	20	16	28	26	26	26	19	21	16	26	8	10	11	13	26	28	23	22	14	38	26	11	18	25	29	24	24	29	5	29	21	20	28	15	12	9	11	11	19	6	15	21	33	24	29	22	13	19	9	12	7	23	24	25	29	25	23	14	13	20	8	9	8	29	0	13	23	20	4	33	27	11	6	26	15
18	19	6	21	16	10	19	20	18	30	37	21	23	17	21	30	10	18	21	28	33	31	26	6	24	24	24	28	21	20	22	16	26	14	6	28	9	15	23	18	19	19	13	34	27	28	16	18	11	33	19	14	15	21	17	19	34	10	20	27	24	21	24	11	9	16	12	32	23	14	25	35	14	29	7	24	19	23	27	21	29	38	36	10	26	31	14	21	20	42	13	0	19	33	14	23	19	24	10	24	22
12	7	14	2	5	9	2	7	18	11	18	9	5	5	13	11	18	2	4	10	14	15	7	14	14	11	5	17	5	4	3	9	7	5	19	9	15	13	12	10	3	6	10	15	14	15	4	12	9	14	7	6	4	7	24	7	15	15	5	13	22	18	20	12	12	28	8	13	10	14	7	16	10	10	14	15	20	4	8	2	10	19	17	10	10	12	15	17	25	23	23	19	0	14	19	10	5	17	17	5	8
15	14	27	12	17	23	14	14	15	4	5	15	10	19	12	5	31	15	12	17	7	9	7	27	9	18	9	11	12	13	11	23	7	19	33	11	24	18	10	15	14	14	23	4	7	22	17	15	22	9	16	20	18	13	17	20	5	28	13	6	15	12	13	22	25	22	21	6	17	27	13	4	19	4	26	9	14	10	8	12	14	5	4	23	7	4	19	12	18	9	20	33	14	0	19	17	14	10	23	10	11
7	12	12	19	14	16	21	26	4	16	23	27	14	23	7	17	16	17	22	28	19	17	12	9	10	30	16	14	24	22	22	22	15	17	14	22	6	6	9	9	22	24	19	20	13	34	22	7	14	21	25	20	20	25	5	25	20	16	24	13	10	7	10	7	15	10	11	18	29	20	25	21	9	15	8	10	5	19	20	21	25	24	22	10	12	17	4	7	6	28	4	14	19	19	0	29	23	10	5	22	11
22	17	17	10	15	13	8	3	28	21	17	3	15	6	23	12	19	12	7	8	13	25	17	20	24	4	13	27	5	7	7	10	14	12	20	8	25	23	22	20	7	5	10	21	24	5	7	22	15	13	4	9	9	4	34	8	14	15	5	23	32	28	30	22	14	38	18	12	3	15	5	15	20	14	24	25	30	10	9	8	10	18	20	19	20	13	25	27	35	22	33	23	10	17	29	0	6	27	27	7	18
16	11	13	4	10	9	3	3	22	15	18	4	9	5	18	11	18	7	2	9	14	20	11	15	18	7	7	22	2	1	4	9	8	6	19	9	19	17	17	14	2	2	9	16	18	11	3	16	10	14	2	6	4	2	28	7	15	14	2	17	26	23	24	16	11	33	12	13	6	14	6	16	14	11	18	20	25	5	8	3	11	19	17	14	15	13	20	21	29	23	27	19	5	14	23	6	0	21	21	6	12
7	10	18	18	12	15	19	24	6	7	13	25	13	21	4	15	23	15	21	27	17	7	10	18	3	28	15	5	22	20	20	21	14	15	24	21	15	10	5	7	20	23	18	11	4	32	20	6	13	19	23	18	18	23	7	24	15	19	22	4	5	3	3	13	16	12	12	16	27	19	23	14	10	14	17	2	5	17	18	19	24	15	12	15	7	14	10	3	8	18	11	24	17	10	10	27	21	0	15	20	9
8	10	10	17	12	14	19	24	9	21	28	25	14	21	12	21	14	15	20	26	23	22	17	7	15	28	15	19	22	20	20	20	17	15	10	20	2	5	14	8	20	22	17	25	17	32	20	9	12	23	23	18	18	23	8	23	24	14	22	18	15	12	15	5	13	12	9	23	27	18	23	25	7	20	3	15	10	17	18	19	23	28	27	8	17	22	5	12	11	32	6	10	17	23	5	27	21	15	0	20	13
15	10	19	4	9	14	5	5	21	14	13	7	8	10	16	6	23	7	4	7	9	18	10	19	17	8	6	20	4	5	2	14	7	10	24	4	18	16	15	13	6	6	15	14	17	12	9	15	14	9	8	11	9	4	27	12	10	20	4	16	25	21	23	15	17	31	12	8	7	19	4	11	13	7	18	18	23	3	3	3	5	14	13	15	13	7	18	20	28	18	26	24	5	10	22	7	6	20	20	0	11
5	3	17	9	7	12	10	15	10	8	15	16	4	12	6	8	21	6	12	18	11	9	4	17	6	19	6	10	13	11	11	12	5	8	22	12	14	8	5	5	11	14	13	12	6	23	11	4	12	11	14	9	9	14	16	15	12	18	13	5	14	11	12	12	15	21	10	10	18	17	14	13	9	7	16	8	13	8	9	10	15	16	14	13	4	9	8	9	17	20	15	22	8	11	11	18	12	9	13	11	0
