100
25
25
125
1
2
1000
5
60
65
10
0.67
0.8
15
1
100

0	35.83	11.12	37.58	10.14	10.46	33.9	19.93	34.49	38.76	31.33	38.35	15.72	38.13	48.68	44.04	9.06	21.62	21.74	35.89	31.99	40.56	21.67	14.43	9.08	39.78	0.51	0.97	1.38	0.57	1.6	1.21	0.38	1.95	0.25	0.74	0.59	1.33	0.23	1.01	0.26	0.28	1.96	0.73	1.51	2.41	1.08	1.74	1.9	1.08	1.64	0.27	2.33	0.47	0.67	1.99	1.22	1.92	0.99	0.68	0.09	1.68	1.07	1.13	1.52	0.15	0.79	1.93	1.74	0.31	0.33	0.23	0.02	1.06	1.64	1.81	1.33	0.27	1.58	0.32	0.34	0.25	0.36	0.42	0.49	0.79	0.79	0.54	0.63	2.23	1.76	1.39	0.46	0.53	0.19	2.28	1.77	1.39	0.78	0.42	1.56

0	0.25	0.25	0.25	0.25	0.25	0.25	0.25	0.25	0.25	0.25	0.25	0.25	0.25	0.25	0.25	0.25	0.25	0.25	0.25	0.25	0.25	0.25	0.25	0.25	0.25	0.08	0.08	0.08	0.08	0.08	0.08	0.08	0.08	0.08	0.08	0.08	0.08	0.08	0.08	0.08	0.08	0.08	0.08	0.08	0.08	0.08	0.08	0.08	0.08	0.08	0.08	0.08	0.08	0.08	0.08	0.08	0.08	0.08	0.08	0.08	0.08	0.08	0.08	0.08	0.08	0.08	0.08	0.08	0.08	0.08	0.08	0.08	0.08	0.08	0.08	0.08	0.08	0.08	0.08	0.08	0.08	0.08	0.08	0.08	0.08	0.08	0.08	0.08	0.08	0.08	0.08	0.08	0.08	0.08	0.08	0.08	0.08	0.08	0.08	0.08

0	9.6	7.1	4.25	1.85	0	0.7	3.75	0	0	0	0	0	8.9	3.85	0	0	0	0	0	2.15	0	6.5	6.95	0	0	9	0	0	0	0	7.05	0	0	2.6	3.7	7	5.95	0	7.05	0	0	5.2	7.2	0	0	3.75	2.05	4.45	0	0	7.45	4.6	0	2.55	2.65	0	2.9	7.7	2.95	3.35	0	6.65	4.55	4.75	3.5	4.5	0	0	0	4.5	0	3.25	0	1.85	0	4.55	0	0	0	0.55	0	7.5	0	4.55	0	0	0	0	0	4.8	7.6	3.2	0	0	0	0	4.6	3.1	1.65	0

12	11.1	8.6	5.75	3.35	10.5	2.2	5.25	10.15	10.85	8.85	9.2	9.45	10.4	5.35	9.7	10.25	8.6	10.2	9.5	3.65	10.7	8	8.45	9.7	12	10.5	8.95	9.35	10.75	10.75	8.55	9.55	9.55	4.1	5.2	8.5	7.45	9.85	8.55	9.7	9.55	6.7	8.7	9.6	10.85	5.25	3.55	5.95	9.95	8.9	8.95	6.1	11.25	4.05	4.15	9.25	4.4	9.2	4.45	4.85	9.5	8.15	6.05	6.25	5	6	9.7	8.7	8.85	6	9.05	4.75	9.45	3.35	10.6	6.05	9.5	9.2	10.15	2.05	8.55	9	9.7	6.05	10.45	9.85	9.1	10.1	9.8	6.3	9.1	4.7	9.45	9.4	10.55	9.7	6.1	4.6	3.15	10.7

0	4	17	19	17	8	7	20	12	6	24	16	14	8	10	14	12	27	10	16	20	7	9	21	17	0	8	21	20	6	7	17	15	17	14	23	7	14	13	17	16	17	14	4	18	6	18	4	18	15	23	15	12	2	24	9	15	16	17	14	8	18	5	19	16	11	18	13	24	22	13	23	16	19	18	7	7	19	17	12	5	25	22	13	15	10	15	20	13	15	13	22	16	19	17	9	17	15	24	15	7
4	0	18	17	16	9	4	16	15	3	21	16	14	7	11	15	13	28	9	20	19	5	5	20	20	4	12	18	22	9	8	20	16	16	10	20	10	15	14	18	13	20	14	7	21	5	16	7	21	18	19	17	13	4	20	7	17	18	18	16	12	21	6	22	19	8	20	14	21	19	16	24	17	18	21	4	10	15	15	13	7	22	23	13	17	7	17	17	12	12	10	23	15	22	18	7	14	13	20	14	7
17	18	0	35	34	12	19	26	12	17	31	23	21	25	7	4	9	10	27	10	37	23	15	38	17	17	22	28	7	13	10	20	5	34	20	30	17	4	5	10	23	24	20	20	20	23	34	15	12	19	29	5	19	15	30	15	22	3	20	3	14	23	13	19	18	22	6	18	31	29	8	6	21	36	21	22	10	25	23	12	12	32	17	19	2	18	9	27	30	22	20	12	33	22	4	25	24	31	30	32	24
19	17	35	0	2	26	17	25	24	18	29	33	31	12	28	32	30	45	12	28	2	12	20	3	19	19	14	26	39	23	25	15	33	2	19	28	19	32	31	35	21	12	31	15	16	13	3	21	24	16	28	34	30	21	29	24	34	35	35	33	21	13	23	17	18	16	37	31	29	27	27	41	34	3	15	14	25	24	32	30	24	30	40	30	34	18	34	25	8	24	20	40	3	14	35	10	22	4	29	4	12
17	16	34	2	0	24	15	23	22	17	28	31	30	10	27	30	29	44	10	26	4	11	19	4	17	17	12	25	37	21	24	14	31	4	17	26	17	30	29	34	19	14	29	14	14	11	1	19	22	15	26	32	29	19	27	22	32	33	34	31	20	15	21	15	16	14	35	29	28	25	26	40	33	3	14	12	24	22	31	29	22	29	38	28	32	16	32	24	6	22	18	39	3	15	34	9	20	3	27	2	10
8	9	12	26	24	0	10	14	17	8	19	11	9	15	5	16	5	20	18	22	28	14	6	28	22	8	14	19	13	11	8	22	17	24	11	18	12	12	15	10	13	22	8	11	23	13	25	9	23	20	17	17	7	6	18	3	10	15	10	13	14	23	4	24	21	13	11	6	19	19	18	16	9	27	23	13	12	13	11	5	4	20	14	7	11	9	8	18	20	10	8	15	23	24	16	16	12	22	21	23	14
7	4	19	17	15	10	0	13	19	2	18	17	15	6	12	17	14	29	8	23	18	5	4	19	24	7	15	15	22	12	9	24	18	15	7	16	14	16	16	19	9	24	14	10	24	7	16	11	24	21	16	19	14	7	17	7	17	18	19	16	15	25	6	25	23	4	20	15	18	15	20	25	18	17	24	3	14	12	16	14	7	19	24	13	17	3	17	14	11	9	6	24	14	25	19	7	10	13	17	13	10
20	16	26	25	23	14	13	0	31	14	5	9	7	14	19	30	18	21	16	36	26	16	11	27	36	20	28	17	20	25	22	36	31	26	10	16	26	26	29	16	12	36	6	23	37	19	24	23	37	34	15	31	8	20	13	11	9	29	11	27	28	37	15	38	35	12	20	9	17	18	32	21	10	25	37	13	26	5	8	15	18	18	16	7	25	10	17	16	19	5	7	16	25	38	30	18	5	22	20	25	23
12	15	12	24	22	17	19	31	0	18	36	28	26	18	12	9	14	22	19	5	25	16	20	26	5	12	10	33	15	7	10	9	10	22	25	35	5	9	8	15	28	12	25	9	8	12	23	8	6	8	34	10	24	12	35	20	27	11	25	9	4	11	17	7	6	23	13	23	36	34	4	18	26	24	9	18	5	30	28	17	14	37	22	24	10	22	14	32	18	27	25	17	21	10	12	14	29	20	35	20	12
6	3	17	18	17	8	2	14	18	0	19	15	13	8	10	16	12	27	10	22	20	6	3	21	23	6	14	16	21	11	8	23	17	17	8	17	13	14	15	17	10	23	13	9	23	6	17	10	23	20	17	18	12	6	18	6	16	17	17	15	14	24	5	24	22	5	19	13	19	16	19	23	16	19	23	5	13	13	14	12	6	20	22	12	16	4	16	15	13	10	7	22	16	24	17	8	11	14	18	15	9
24	21	31	29	28	19	18	5	36	19	0	9	10	18	24	34	23	21	18	40	28	21	16	27	41	24	32	17	24	30	26	41	35	31	11	16	31	31	33	21	12	41	11	28	42	24	27	28	42	39	15	36	13	24	13	16	9	34	11	32	32	42	20	43	40	14	25	13	17	18	37	26	10	27	42	18	31	6	8	19	23	18	16	12	29	15	22	16	22	9	12	19	30	43	34	23	8	27	20	29	28
16	16	23	33	31	11	17	9	28	15	9	0	2	22	16	26	14	13	25	32	35	21	13	35	33	16	24	26	16	21	18	33	27	31	18	24	23	23	25	13	20	33	3	19	33	20	32	20	33	30	24	28	4	16	21	10	1	25	3	23	24	34	11	34	32	20	17	5	25	26	29	17	2	34	33	20	23	13	1	11	14	26	7	4	21	16	14	25	27	10	13	11	30	34	26	23	13	29	28	30	21
14	14	21	31	30	9	15	7	26	13	10	2	0	21	14	24	13	14	23	30	33	19	11	34	31	14	22	24	14	20	16	31	25	30	16	22	21	21	23	11	19	31	1	18	32	19	30	18	32	29	22	26	3	14	20	8	3	24	4	22	22	32	10	33	30	18	15	3	24	25	27	16	3	32	32	18	21	11	3	9	13	25	9	2	19	14	12	23	26	8	12	9	29	33	24	21	12	27	26	28	20
8	7	25	12	10	15	6	14	18	8	18	22	21	0	18	21	20	35	3	23	13	3	10	13	23	8	15	15	28	12	15	23	22	13	7	17	13	21	20	25	10	23	20	10	24	6	10	10	24	21	16	23	20	10	17	13	23	24	25	22	15	24	12	25	22	5	26	20	18	16	19	31	24	12	24	3	15	12	22	20	13	19	29	19	23	7	23	14	5	13	9	30	12	25	25	5	11	9	17	12	10
10	11	7	28	27	5	12	19	12	10	24	16	14	18	0	11	2	17	20	17	30	16	8	31	17	10	15	21	11	6	3	17	12	27	13	23	10	7	10	7	16	17	13	13	18	16	27	8	18	15	22	12	12	8	23	8	15	10	13	8	9	18	6	19	16	15	9	11	24	22	13	13	14	29	18	15	7	18	16	5	5	25	12	12	6	11	6	20	23	15	13	12	26	19	11	18	17	24	23	25	17
14	15	4	32	30	16	17	30	9	16	34	26	24	21	11	0	12	14	24	6	34	20	19	34	14	14	18	31	10	10	8	17	1	30	24	33	14	4	1	14	26	20	24	17	16	19	31	11	8	16	33	2	22	12	34	19	25	3	24	3	11	19	15	15	15	21	10	21	34	32	5	10	25	33	18	19	7	29	27	15	12	35	20	23	5	20	13	30	26	25	23	15	29	19	4	22	27	28	34	29	20
12	13	9	30	29	5	14	18	14	12	23	14	13	20	2	12	0	15	22	18	32	18	10	33	19	12	17	23	9	8	5	19	13	29	15	21	12	9	11	5	18	19	12	15	19	18	29	10	19	16	21	14	10	10	22	7	14	11	12	9	10	20	8	20	18	17	7	10	23	24	15	11	13	31	19	17	9	17	15	4	7	24	10	11	7	13	4	22	25	14	11	10	28	20	12	20	15	26	25	27	19
27	28	10	45	44	20	29	21	22	27	21	13	14	35	17	14	15	0	37	20	47	33	25	48	27	27	32	38	7	23	20	30	15	44	30	36	27	14	15	10	33	34	15	30	30	33	44	25	22	29	36	15	15	25	34	22	12	13	10	13	24	33	23	29	28	32	9	15	38	39	18	5	11	46	31	32	20	25	13	15	22	39	7	16	12	28	12	37	40	22	26	5	43	32	14	35	26	41	40	42	34
10	9	27	12	10	18	8	16	19	10	18	25	23	3	20	24	22	37	0	23	10	4	12	11	24	10	15	15	30	14	17	24	25	14	7	16	14	24	23	27	9	24	22	10	24	7	10	13	24	21	16	25	22	12	17	15	25	26	27	24	15	25	14	25	23	5	28	23	18	15	20	33	26	9	24	5	17	12	24	22	15	19	32	21	25	9	25	14	4	15	12	32	13	25	27	5	12	9	17	12	10
16	20	10	28	26	22	23	36	5	22	40	32	30	23	17	6	18	20	23	0	30	20	25	30	10	16	14	37	16	11	14	13	5	26	30	39	10	10	7	20	32	16	30	13	12	17	27	13	4	12	39	6	28	16	40	25	31	7	30	9	8	15	21	11	11	27	16	27	40	38	4	15	31	29	14	23	10	35	33	21	18	41	26	29	11	26	19	36	22	31	29	21	25	15	8	18	33	24	40	25	16
20	19	37	2	4	28	18	26	25	20	28	35	33	13	30	34	32	47	10	30	0	14	22	1	20	20	16	25	40	24	27	17	35	4	17	26	20	34	33	37	19	14	32	17	18	15	3	23	26	18	26	35	32	22	27	25	35	36	37	34	23	15	24	19	19	15	38	33	28	25	29	43	36	1	16	15	27	22	34	32	25	29	42	31	35	19	35	24	8	25	22	42	5	15	37	12	22	6	27	5	14
7	5	23	12	11	14	5	16	16	6	21	21	19	3	16	20	18	33	4	20	14	0	8	15	21	7	12	18	27	11	13	21	21	11	10	19	11	20	19	23	12	21	19	7	21	4	11	9	21	18	19	22	18	9	20	12	22	23	23	21	12	22	11	22	20	7	25	19	21	18	17	29	22	13	21	3	13	15	20	18	12	22	28	18	22	6	22	17	7	12	9	28	10	22	23	2	13	8	20	9	7
9	5	15	20	19	6	4	11	20	3	16	13	11	10	8	19	10	25	12	25	22	8	0	23	25	9	17	13	19	14	11	25	20	19	5	15	15	15	18	15	8	25	11	12	26	8	19	12	26	23	14	20	10	9	15	4	14	18	15	16	17	26	4	27	24	7	17	11	16	14	21	21	14	21	26	7	15	10	12	10	7	17	20	10	14	3	14	12	15	7	5	20	18	27	19	10	9	16	15	17	12
21	20	38	3	4	28	19	27	26	21	27	35	34	13	31	34	33	48	11	30	1	15	23	0	21	21	16	24	41	25	28	18	35	4	18	26	21	34	33	38	19	14	33	18	18	15	4	23	26	19	25	36	33	23	26	26	36	37	38	35	24	15	25	19	20	16	39	33	27	25	30	44	37	2	17	16	28	23	35	33	26	28	42	32	36	20	36	23	8	26	22	43	5	16	38	13	22	7	26	6	14
17	20	17	19	17	22	24	36	5	23	41	33	31	23	17	14	19	27	24	10	20	21	25	21	0	17	9	38	20	12	15	4	15	17	30	40	10	14	13	20	33	7	30	14	3	17	18	13	6	3	39	15	29	17	40	25	32	16	30	14	9	6	22	2	1	28	18	28	41	39	9	23	31	19	4	23	10	35	33	22	19	42	27	29	15	27	19	37	20	32	30	22	16	5	17	19	34	15	40	15	14
0	4	17	19	17	8	7	20	12	6	24	16	14	8	10	14	12	27	10	16	20	7	9	21	17	0	8	21	20	6	7	17	15	17	14	23	7	14	13	17	16	17	14	4	18	6	18	4	18	15	23	15	12	2	24	9	15	16	17	14	8	18	5	19	16	11	18	13	24	22	13	23	16	19	18	7	7	19	17	12	5	25	22	13	15	10	15	20	13	15	13	22	16	19	17	9	17	15	24	15	7
8	12	22	14	12	14	15	28	10	14	32	24	22	15	15	18	17	32	15	14	16	12	17	16	9	8	0	29	25	9	12	9	19	12	22	31	5	18	17	22	24	9	22	5	10	9	13	7	10	7	31	20	20	8	32	17	23	21	22	19	8	10	13	11	8	19	23	19	32	30	14	28	23	15	10	15	12	27	25	17	10	33	26	21	20	18	20	28	11	23	21	27	11	11	22	10	25	10	32	11	5
21	18	28	26	25	19	15	17	33	16	17	26	24	15	21	31	23	38	15	37	25	18	13	24	38	21	29	0	31	27	23	38	32	28	8	2	28	28	30	28	6	38	23	25	39	21	24	25	39	36	2	33	23	21	5	16	26	31	28	29	29	39	17	40	37	11	29	24	3	1	34	34	27	24	39	15	28	13	25	23	20	4	33	22	26	12	26	1	19	16	13	33	27	40	31	20	13	24	3	26	25
20	22	7	39	37	13	22	20	15	21	24	16	14	28	11	10	9	7	30	16	40	27	19	41	20	20	25	31	0	16	14	24	11	37	24	30	20	7	9	4	26	27	14	24	23	26	38	18	18	23	29	12	12	18	27	15	15	10	14	8	18	26	16	22	21	26	2	11	31	32	13	3	15	39	24	25	14	19	17	9	15	32	10	13	5	21	5	30	33	15	19	5	36	25	10	29	19	35	34	35	27
6	9	13	23	21	11	12	25	7	11	30	21	20	12	6	10	8	23	14	11	24	11	14	25	12	6	9	27	16	0	4	12	11	21	19	28	4	10	9	13	21	12	19	8	12	10	22	2	12	9	28	11	17	6	29	14	21	12	19	10	3	13	10	13	11	16	14	17	30	27	8	19	20	23	12	12	3	24	22	11	7	31	18	18	11	15	11	26	17	21	18	18	20	13	13	13	22	19	29	19	11
7	8	10	25	24	8	9	22	10	8	26	18	16	15	3	8	5	20	17	14	27	13	11	28	15	7	12	23	14	4	0	15	9	24	16	25	7	7	7	10	18	15	16	10	16	13	24	5	16	13	25	10	14	5	26	11	17	10	16	8	6	16	7	17	14	13	12	13	26	24	11	16	17	26	16	12	5	21	19	7	4	27	15	15	9	12	9	22	20	17	15	15	23	17	10	15	19	21	26	22	14
17	20	20	15	14	22	24	36	9	23	41	33	31	23	17	17	19	30	24	13	17	21	25	18	4	17	9	38	24	12	15	0	18	14	30	40	10	17	16	20	33	4	30	14	1	17	14	13	9	3	39	19	29	17	40	25	32	20	30	18	9	3	22	2	3	28	22	28	41	39	12	26	31	16	1	23	10	35	33	22	19	42	27	29	19	27	19	37	20	32	30	25	13	2	20	19	34	15	40	12	14
15	16	5	33	31	17	18	31	10	17	35	27	25	22	12	1	13	15	25	5	35	21	20	35	15	15	19	32	11	11	9	18	0	31	25	34	15	5	2	15	27	21	25	18	17	20	32	12	9	17	34	1	23	13	35	20	26	2	25	4	12	20	16	16	16	22	11	22	35	33	6	10	26	34	19	20	8	30	28	16	13	36	21	24	6	21	14	31	27	26	24	16	30	20	3	23	28	29	35	30	21
17	16	34	2	4	24	15	26	22	17	31	31	30	13	27	30	29	44	14	26	4	11	19	4	17	17	12	28	37	21	24	14	31	0	20	30	17	30	29	34	23	10	29	14	14	11	4	19	22	15	29	32	29	19	30	22	32	33	34	31	20	11	21	15	16	18	35	29	31	29	26	40	33	5	13	13	24	25	31	29	22	32	38	28	32	17	32	27	10	22	20	39	1	12	34	9	24	5	30	2	10
14	10	20	19	17	11	7	10	25	8	11	18	16	7	13	24	15	30	7	30	17	10	5	18	30	14	22	8	24	19	16	30	25	20	0	10	20	20	23	20	3	30	16	17	31	13	16	17	31	28	9	25	15	14	10	9	19	23	20	21	22	31	9	32	29	3	22	16	11	9	26	26	19	16	31	7	20	5	17	15	12	12	25	15	19	4	19	7	11	9	5	25	19	32	24	12	5	16	10	19	17
23	20	30	28	26	18	16	16	35	17	16	24	22	17	23	33	21	36	16	39	26	19	15	26	40	23	31	2	30	28	25	40	34	30	10	0	30	30	32	26	7	40	22	26	40	23	26	27	40	37	1	35	21	23	3	15	25	32	26	30	31	41	18	41	39	12	28	22	2	3	36	32	25	25	40	17	30	11	23	21	21	3	31	21	28	13	25	3	20	15	11	31	29	41	33	21	11	25	4	28	26
7	10	17	19	17	12	14	26	5	13	31	23	21	13	10	14	12	27	14	10	20	11	15	21	10	7	5	28	20	4	7	10	15	17	20	30	0	14	13	17	23	10	20	4	11	7	18	3	11	8	29	15	19	7	30	15	22	16	20	14	3	11	12	12	9	18	18	18	31	29	9	23	21	19	11	13	7	25	23	12	9	32	22	19	15	17	15	27	13	22	20	22	16	12	17	9	24	15	30	15	7
14	15	4	32	30	12	16	26	9	14	31	23	21	21	7	4	9	14	24	10	34	20	15	34	14	14	18	28	7	10	7	17	5	30	20	30	14	0	3	10	23	20	20	17	16	19	31	11	11	16	29	5	19	12	30	15	22	3	20	1	11	19	12	15	15	19	6	18	31	29	6	10	21	33	18	19	7	25	23	12	9	32	17	19	2	17	9	27	26	22	20	12	29	19	4	22	24	28	30	29	20
13	14	5	31	29	15	16	29	8	15	33	25	23	20	10	1	11	15	23	7	33	19	18	33	13	13	17	30	9	9	7	16	2	29	23	32	13	3	0	13	25	19	23	16	15	18	30	10	9	15	32	3	21	11	33	18	24	4	23	2	10	18	14	14	14	20	9	20	33	31	4	11	24	32	17	18	6	28	26	14	11	34	19	22	4	19	12	29	25	24	22	14	28	18	5	21	26	27	33	28	19
17	18	10	35	34	10	19	16	15	17	21	13	11	25	7	14	5	10	27	20	37	23	15	38	20	17	22	28	4	13	10	20	15	34	20	26	17	10	13	0	23	24	10	20	21	23	34	15	21	19	26	15	9	15	24	12	12	13	10	11	14	23	13	22	19	22	4	8	28	29	16	6	11	36	21	22	10	15	13	5	12	29	7	9	9	18	2	27	30	12	16	5	33	22	14	25	16	31	30	32	24
16	13	23	21	19	13	9	12	28	10	12	20	19	10	16	26	18	33	9	32	19	12	8	19	33	16	24	6	26	21	18	33	27	23	3	7	23	23	25	23	0	33	18	19	33	16	19	20	33	30	7	28	18	16	8	11	21	25	23	23	24	34	11	34	32	5	24	18	9	6	29	29	22	18	33	10	23	8	20	18	14	10	27	17	21	6	21	5	13	11	7	28	22	34	26	14	7	18	8	21	19
17	20	24	12	14	22	24	36	12	23	41	33	31	23	17	20	19	34	24	16	14	21	25	14	7	17	9	38	27	12	15	4	21	10	30	40	10	20	19	24	33	0	30	14	4	17	14	13	12	5	39	22	29	17	40	25	32	23	30	21	10	1	22	5	6	28	25	28	41	39	16	30	31	15	3	23	14	35	33	22	19	42	28	29	22	27	22	37	20	32	30	29	11	2	24	19	34	15	40	12	14
14	14	20	31	29	8	14	6	25	13	11	3	1	20	13	24	12	15	22	30	32	19	11	33	30	14	22	23	14	19	16	30	25	29	16	22	20	20	23	10	18	30	0	17	31	18	30	17	31	28	21	25	2	14	19	7	3	23	5	21	22	31	9	32	29	18	14	3	23	24	26	15	4	31	31	17	20	11	3	9	12	24	10	1	19	13	11	22	25	7	11	10	28	32	24	21	11	27	26	27	19
4	7	20	15	14	11	10	23	9	9	28	19	18	10	13	17	15	30	10	13	17	7	12	18	14	4	5	25	24	8	10	14	18	14	17	26	4	17	16	20	19	14	17	0	14	4	14	6	14	11	26	19	15	6	27	12	19	20	20	18	6	15	8	15	13	14	22	16	28	25	12	26	19	16	14	10	10	22	20	15	9	29	25	16	19	13	19	24	10	19	16	25	13	15	20	5	20	11	27	12	4
18	21	20	16	14	23	24	37	8	23	42	33	32	24	18	16	19	30	24	12	18	21	26	18	3	18	10	39	23	12	16	1	17	14	31	40	11	16	15	21	33	4	31	14	0	18	15	14	8	3	40	18	29	18	41	26	33	19	31	17	10	3	22	1	2	28	21	29	42	39	12	26	32	17	2	24	11	36	34	23	19	43	28	30	18	27	20	38	20	33	30	25	13	3	20	19	34	15	41	13	14
6	5	23	13	11	13	7	19	12	6	24	20	19	6	16	19	18	33	7	17	15	4	8	15	17	6	9	21	26	10	13	17	20	11	13	23	7	19	18	23	16	17	18	4	18	0	12	8	18	15	22	21	18	8	23	11	21	22	23	20	9	18	10	19	16	11	24	18	24	22	15	29	22	14	18	6	13	18	20	18	11	25	27	17	21	10	21	20	7	15	13	28	10	19	23	3	17	9	23	10	4
18	16	34	3	1	25	16	24	23	17	27	32	30	10	27	31	29	44	10	27	3	11	19	4	18	18	13	24	38	22	24	14	32	4	16	26	18	31	30	34	19	14	30	14	15	12	0	20	23	15	25	33	29	20	26	23	33	34	34	32	20	15	22	16	17	14	36	30	27	25	26	40	33	2	15	13	24	21	31	29	23	28	39	29	33	17	33	23	6	23	19	39	3	16	34	9	20	3	26	3	11
4	7	15	21	19	9	11	23	8	10	28	20	18	10	8	11	10	25	13	13	23	9	12	23	13	4	7	25	18	2	5	13	12	19	17	27	3	11	10	15	20	13	17	6	14	8	20	0	14	11	26	13	16	4	27	12	19	14	17	12	5	14	9	15	12	15	16	15	28	26	9	21	18	22	14	10	5	22	20	10	6	29	19	16	13	14	13	24	15	19	17	20	18	15	15	11	21	17	27	18	9
18	21	12	24	22	23	24	37	6	23	42	33	32	24	18	8	19	22	24	4	26	21	26	26	6	18	10	39	18	12	16	9	9	22	31	40	11	11	9	21	33	12	31	14	8	18	23	14	0	8	40	10	29	18	41	26	33	11	31	10	10	11	22	7	7	28	17	29	42	39	5	18	32	25	10	24	11	36	34	23	19	43	28	30	13	27	20	38	20	33	30	23	21	11	12	19	34	20	41	21	14
15	18	19	16	15	20	21	34	8	20	39	30	29	21	15	16	16	29	21	12	18	18	23	19	3	15	7	36	23	9	13	3	17	15	28	37	8	16	15	19	30	5	28	11	3	15	15	11	8	0	37	18	26	15	38	23	30	19	28	17	7	4	19	4	2	25	21	26	39	36	11	25	29	17	3	21	9	33	31	20	16	40	25	27	18	24	18	35	17	30	27	24	14	4	19	16	31	12	38	13	11
23	19	29	28	26	17	16	15	34	17	15	24	22	16	22	33	21	36	16	39	26	19	14	25	39	23	31	2	29	28	25	39	34	29	9	1	29	29	32	26	7	39	21	26	40	22	25	26	40	37	0	34	21	23	3	14	24	32	26	30	31	40	18	41	38	12	27	22	2	3	35	32	25	25	40	16	29	11	23	21	21	3	31	20	28	13	24	3	20	14	11	31	28	41	33	21	11	25	5	28	26
15	17	5	34	32	17	19	31	10	18	36	28	26	23	12	2	14	15	25	6	35	22	20	36	15	15	20	33	12	11	10	19	1	32	25	35	15	5	3	15	28	22	25	19	18	21	33	13	10	18	34	0	24	13	35	20	27	3	25	5	13	21	17	17	16	23	11	23	36	34	7	11	26	34	19	20	9	30	28	17	14	37	22	24	7	22	14	32	28	27	25	17	31	20	2	24	29	30	35	30	22
12	13	19	30	29	7	14	8	24	12	13	4	3	20	12	22	10	15	22	28	32	18	10	33	29	12	20	23	12	17	14	29	23	29	15	21	19	19	21	9	18	29	2	15	29	18	29	16	29	26	21	24	0	12	19	7	4	21	5	19	20	30	8	30	28	17	13	1	23	24	25	13	4	31	29	17	19	10	5	7	10	24	10	1	17	13	10	22	25	7	11	10	28	30	22	20	11	26	25	27	19
2	4	15	21	19	6	7	20	12	6	24	16	14	10	8	12	10	25	12	16	22	9	9	23	17	2	8	21	18	6	5	17	13	19	14	23	7	12	11	15	16	17	14	6	18	8	20	4	18	15	23	13	12	0	24	9	15	14	15	12	8	18	5	19	16	11	16	11	24	22	13	21	15	21	18	7	7	19	17	10	3	25	20	13	13	10	13	20	15	15	13	20	18	19	15	11	17	17	24	17	9
24	20	30	29	27	18	17	13	35	18	13	21	20	17	23	34	22	34	17	40	27	20	15	26	40	24	32	5	27	29	26	40	35	30	10	3	30	30	33	24	8	40	19	27	41	23	26	27	41	38	3	35	19	24	0	15	22	33	24	31	32	41	19	42	39	13	25	19	4	5	36	30	23	26	41	17	30	9	21	19	22	5	28	18	29	14	22	4	21	12	11	29	29	42	34	22	8	26	7	29	27
9	7	15	24	22	3	7	11	20	6	16	10	8	13	8	19	7	22	15	25	25	12	4	26	25	9	17	16	15	14	11	25	20	22	9	15	15	15	18	12	11	25	7	12	26	11	23	12	26	23	14	20	7	9	15	0	10	18	12	16	17	26	4	27	24	11	13	8	16	17	21	18	11	24	26	10	15	10	9	7	7	17	17	6	14	6	10	15	18	7	5	17	21	27	19	14	9	20	19	20	12
15	17	22	34	32	10	17	9	27	16	9	1	3	23	15	25	14	12	25	31	35	22	14	36	32	15	23	26	15	21	17	32	26	32	19	25	22	22	24	12	21	32	3	19	33	21	33	19	33	30	24	27	4	15	22	10	0	25	2	23	23	33	11	34	31	21	16	4	26	27	28	17	1	34	33	20	22	14	2	10	14	27	7	4	20	16	13	25	28	10	14	10	31	34	25	24	14	30	29	30	22
16	18	3	35	33	15	18	29	11	17	34	25	24	24	10	3	11	13	26	7	36	23	18	37	16	16	21	31	10	12	10	20	2	33	23	32	16	3	4	13	25	23	23	20	19	22	34	14	11	19	32	3	21	14	33	18	25	0	23	2	14	22	14	18	17	22	9	21	34	31	8	8	24	35	20	21	10	28	26	15	11	35	20	22	5	19	12	30	29	25	22	15	32	21	1	25	26	31	33	31	23
17	18	20	35	34	10	19	11	25	17	11	3	4	25	13	24	12	10	27	30	37	23	15	38	30	17	22	28	14	19	16	30	25	34	20	26	20	20	23	10	23	30	5	20	31	23	34	17	31	28	26	25	5	15	24	12	2	23	0	21	22	31	13	32	29	22	14	5	28	29	26	15	1	36	31	22	20	15	3	9	12	29	5	6	19	18	11	27	30	12	16	9	33	32	24	25	16	31	30	32	24
14	16	3	33	31	13	16	27	9	15	32	23	22	22	8	3	9	13	24	9	34	21	16	35	14	14	19	29	8	10	8	18	4	31	21	30	14	1	2	11	23	21	21	18	17	20	32	12	10	17	30	5	19	12	31	16	23	2	21	0	12	20	12	16	15	20	7	19	32	29	6	9	22	33	18	19	8	26	24	13	9	33	18	20	3	17	10	28	27	23	20	13	30	19	3	23	24	29	31	29	21
8	12	14	21	20	14	15	28	4	14	32	24	22	15	9	11	10	24	15	8	23	12	17	24	9	8	8	29	18	3	6	9	12	20	22	31	3	11	10	14	24	10	22	6	10	9	20	5	10	7	31	13	20	8	32	17	23	14	22	12	0	10	13	11	8	19	16	19	32	30	6	20	23	22	10	15	4	27	25	13	10	33	19	21	13	18	13	28	16	23	21	19	19	11	14	11	25	17	32	18	10
18	21	23	13	15	23	25	37	11	24	42	34	32	24	18	19	20	33	25	15	15	22	26	15	6	18	10	39	26	13	16	3	20	11	31	41	11	19	18	23	34	1	31	15	3	18	15	14	11	4	40	21	30	18	41	26	33	22	31	20	10	0	23	4	5	29	24	29	42	40	15	29	32	16	2	24	13	36	34	23	20	43	28	30	21	28	21	38	21	33	31	28	12	1	23	20	35	16	41	13	15
5	6	13	23	21	4	6	15	17	5	20	11	10	12	6	15	8	23	14	21	24	11	4	25	22	5	13	17	16	10	7	22	16	21	9	18	12	12	14	13	11	22	9	8	22	10	22	9	22	19	18	17	8	5	19	4	11	14	13	12	13	23	0	23	21	10	14	9	20	17	18	19	12	23	22	9	12	14	12	8	3	21	18	8	11	5	11	16	17	11	8	18	20	23	15	13	12	19	19	19	11
19	22	19	17	15	24	25	38	7	24	43	34	33	25	19	15	20	29	25	11	19	22	27	19	2	19	11	40	22	13	17	2	16	15	32	41	12	15	14	22	34	5	32	15	1	19	16	15	7	4	41	17	30	19	42	27	34	18	32	16	11	4	23	0	3	29	20	30	43	40	11	25	33	18	3	25	12	37	35	24	20	44	29	31	17	28	21	39	21	34	31	24	14	4	19	20	35	16	42	14	15
16	19	18	18	16	21	23	35	6	22	40	32	30	22	16	15	18	28	23	11	19	20	24	20	1	16	8	37	21	11	14	3	16	16	29	39	9	15	14	19	32	6	29	13	2	16	17	12	7	2	38	16	28	16	39	24	31	17	29	15	8	5	21	3	0	27	19	27	40	38	10	24	30	18	3	22	9	34	32	21	18	41	26	28	16	26	18	36	19	31	29	23	15	4	18	18	33	14	39	14	13
11	8	22	16	14	13	4	12	23	5	14	20	18	5	15	21	17	32	5	27	15	7	7	16	28	11	19	11	26	16	13	28	22	18	3	12	18	19	20	22	5	28	18	14	28	11	14	15	28	25	12	23	17	11	13	11	21	22	22	20	19	29	10	29	27	0	24	18	14	11	24	28	21	14	28	5	18	8	19	17	11	15	27	17	21	5	21	10	8	11	7	27	17	29	22	9	7	13	13	16	14
18	20	6	37	35	11	20	20	13	19	25	17	15	26	9	10	7	9	28	16	38	25	17	39	18	18	23	29	2	14	12	22	11	35	22	28	18	6	9	4	24	25	14	22	21	24	36	16	17	21	27	11	13	16	25	13	16	9	14	7	16	24	14	20	19	24	0	12	29	30	12	5	15	37	22	23	12	19	17	7	13	30	11	13	5	19	3	28	31	16	17	6	34	23	10	27	18	33	32	33	25
13	14	18	31	29	6	15	9	23	13	13	5	3	20	11	21	10	15	23	27	33	19	11	33	28	13	19	24	11	17	13	28	22	29	16	22	18	18	20	8	18	28	3	16	29	18	30	15	29	26	22	23	1	11	19	8	4	21	5	19	19	29	9	30	27	18	12	0	23	24	24	13	4	32	29	18	18	11	6	6	10	24	9	2	16	14	9	23	25	8	11	10	28	30	21	21	11	27	26	28	19
24	21	31	29	28	19	18	17	36	19	17	25	24	18	24	34	23	38	18	40	28	21	16	27	41	24	32	3	31	30	26	41	35	31	11	2	31	31	33	28	9	41	23	28	42	24	27	28	42	39	2	36	23	24	4	16	26	34	28	32	32	42	20	43	40	14	29	23	0	3	37	34	27	27	42	18	31	13	25	23	23	1	32	22	29	15	26	4	22	16	12	33	30	43	34	23	12	27	3	29	28
22	19	29	27	25	19	15	18	34	16	18	26	25	16	22	32	24	39	15	38	25	18	14	25	39	22	30	1	32	27	24	39	33	29	9	3	29	29	31	29	6	39	24	25	39	22	25	26	39	36	3	34	24	22	5	17	27	31	29	29	30	40	17	40	38	11	30	24	3	0	35	35	28	24	39	16	29	14	26	24	20	4	33	23	27	12	27	2	19	17	13	34	28	40	32	20	13	24	2	27	25
13	16	8	27	26	18	20	32	4	19	37	29	27	19	13	5	15	18	20	4	29	17	21	30	9	13	14	34	13	8	11	12	6	26	26	36	9	6	4	16	29	16	26	12	12	15	26	9	5	11	35	7	25	13	36	21	28	8	26	6	6	15	18	11	10	24	12	24	37	35	0	14	27	28	13	19	6	31	29	18	15	38	23	25	8	23	15	33	22	28	26	18	25	14	8	17	30	23	36	24	16
23	24	6	41	40	16	25	21	18	23	26	17	16	31	13	10	11	5	33	15	43	29	21	44	23	23	28	34	3	19	16	26	10	40	26	32	23	10	11	6	29	30	15	26	26	29	40	21	18	25	32	11	13	21	30	18	17	8	15	9	20	29	19	25	24	28	5	13	34	35	14	0	16	42	27	28	16	21	18	11	18	35	12	14	8	24	8	33	36	18	22	7	39	28	9	31	22	37	36	38	30
16	17	21	34	33	9	18	10	26	16	10	2	3	24	14	25	13	11	26	31	36	22	14	37	31	16	23	27	15	20	17	31	26	33	19	25	21	21	24	11	22	31	4	19	32	22	33	18	32	29	25	26	4	15	23	11	1	24	1	22	23	32	12	33	30	21	15	4	27	28	27	16	0	35	32	21	21	14	2	10	13	28	6	5	20	17	12	26	29	11	15	10	32	33	25	24	15	30	29	31	23
19	18	36	3	3	27	17	25	24	19	27	34	32	12	29	33	31	46	9	29	1	13	21	2	19	19	15	24	39	23	26	16	34	5	16	25	19	33	32	36	18	15	31	16	17	14	2	22	25	17	25	34	31	21	26	24	34	35	36	33	22	16	23	18	18	14	37	32	27	24	28	42	35	0	15	14	26	21	33	31	24	28	41	30	34	18	34	23	7	24	21	41	4	16	36	11	21	5	26	4	13
18	21	21	15	14	23	24	37	9	23	42	33	32	24	18	18	19	31	24	14	16	21	26	17	4	18	10	39	24	12	16	1	19	13	31	40	11	18	17	21	33	3	31	14	2	18	15	14	10	3	40	19	29	18	41	26	33	20	31	18	10	2	22	3	3	28	22	29	42	39	13	27	32	15	0	24	11	36	34	23	19	43	28	30	19	27	20	38	20	33	30	26	12	1	21	19	34	15	41	13	14
7	4	22	14	12	13	3	13	18	5	18	20	18	3	15	19	17	32	5	23	15	3	7	16	23	7	15	15	25	12	12	23	20	13	7	17	13	19	18	22	10	23	17	10	24	6	13	10	24	21	16	20	17	7	17	10	20	21	22	19	15	24	9	25	22	5	23	18	18	16	19	28	21	14	24	0	13	12	19	17	10	19	27	16	20	4	20	14	8	10	7	27	12	25	22	5	11	10	17	12	10
7	10	10	25	24	12	14	26	5	13	31	23	21	15	7	7	9	20	17	10	27	13	15	28	10	7	12	28	14	3	5	10	8	24	20	30	7	7	6	10	23	14	20	10	11	13	24	5	11	9	29	9	19	7	30	15	22	10	20	8	4	13	12	12	9	18	12	18	31	29	6	16	21	26	11	13	0	25	23	12	9	32	17	19	9	17	9	27	20	22	20	15	23	12	10	15	24	21	30	22	14
19	15	25	24	22	13	12	5	30	13	6	13	11	12	18	29	17	25	12	35	22	15	10	23	35	19	27	13	19	24	21	35	30	25	5	11	25	25	28	15	8	35	11	22	36	18	21	22	36	33	11	30	10	19	9	10	14	28	15	26	27	36	14	37	34	8	19	11	13	14	31	21	14	21	36	12	25	0	12	14	17	14	20	10	24	9	16	12	16	4	6	20	24	37	29	17	2	21	15	24	22
17	15	23	32	31	11	16	8	28	14	8	1	3	22	16	27	15	13	24	33	34	20	12	35	33	17	25	25	17	22	19	33	28	31	17	23	23	23	26	13	20	33	3	20	34	20	31	20	34	31	23	28	5	17	21	9	2	26	3	24	25	34	12	35	32	19	17	6	25	26	29	18	2	33	34	19	23	12	0	12	15	26	8	4	22	15	14	24	27	9	13	12	30	35	27	22	13	28	27	29	21
12	13	12	30	29	5	14	15	17	12	19	11	9	20	5	15	4	15	22	21	32	18	10	33	22	12	17	23	9	11	7	22	16	29	15	21	12	12	14	5	18	22	9	15	23	18	29	10	23	20	21	17	7	10	19	7	10	15	9	13	13	23	8	24	21	17	7	6	23	24	18	11	10	31	23	17	12	14	12	0	7	24	10	8	10	13	4	22	25	10	11	10	28	24	15	20	12	26	25	27	19
5	7	12	24	22	4	7	18	14	6	23	14	13	13	5	12	7	22	15	18	25	12	7	26	19	5	10	20	15	7	4	19	13	22	12	21	9	9	11	12	14	19	12	9	19	11	23	6	19	16	21	14	10	3	22	7	14	11	12	9	10	20	3	20	18	11	13	10	23	20	15	18	13	24	19	10	9	17	15	7	0	24	17	11	10	8	10	19	18	14	11	17	21	20	12	14	15	20	22	20	12
25	22	32	30	29	20	19	18	37	20	18	26	25	19	25	35	24	39	19	41	29	22	17	28	42	25	33	4	32	31	27	42	36	32	12	3	32	32	34	29	10	42	24	29	43	25	28	29	43	40	3	37	24	25	5	17	27	35	29	33	33	43	21	44	41	15	30	24	1	4	38	35	28	28	43	19	32	14	26	24	24	0	33	23	30	16	27	5	23	17	13	34	31	44	35	24	13	28	2	30	29
22	23	17	40	38	14	24	16	22	22	16	7	9	29	12	20	10	7	32	26	42	28	20	42	27	22	26	33	10	18	15	27	21	38	25	31	22	17	19	7	27	28	10	25	28	27	39	19	28	25	31	22	10	20	28	17	7	20	5	18	19	28	18	29	26	27	11	9	32	33	23	12	6	41	28	27	17	20	8	10	17	33	0	11	15	23	8	32	34	17	20	5	37	29	20	30	20	36	35	37	28
13	13	19	30	28	7	13	7	24	12	12	4	2	19	12	23	11	16	21	29	31	18	10	32	29	13	21	22	13	18	15	29	24	28	15	21	19	19	22	9	17	29	1	16	30	17	29	16	30	27	20	24	1	13	18	6	4	22	6	20	21	30	8	31	28	17	13	2	22	23	25	14	5	30	30	16	19	10	4	8	11	23	11	0	18	12	10	21	24	6	10	11	27	31	23	20	10	26	25	26	18
15	17	2	34	32	11	17	25	10	16	29	21	19	23	6	5	7	12	25	11	35	22	14	36	15	15	20	26	5	11	9	19	6	32	19	28	15	2	4	9	21	22	19	19	18	21	33	13	13	18	28	7	17	13	29	14	20	5	19	3	13	21	11	17	16	21	5	16	29	27	8	8	20	34	19	20	9	24	22	10	10	30	15	18	0	16	8	25	28	20	18	10	31	20	5	24	22	30	29	30	22
10	7	18	18	16	9	3	10	22	4	15	16	14	7	11	20	13	28	9	26	19	6	3	20	27	10	18	12	21	15	12	27	21	17	4	13	17	17	19	18	6	27	13	13	27	10	17	14	27	24	13	22	13	10	14	6	16	19	18	17	18	28	5	28	26	5	19	14	15	12	23	24	17	18	27	4	17	9	15	13	8	16	23	12	16	0	16	11	12	6	3	23	16	28	20	8	7	14	14	15	13
15	17	9	34	32	8	17	17	14	16	22	14	12	23	6	13	4	12	25	19	35	22	14	36	19	15	20	26	5	11	9	19	14	32	19	25	15	9	12	2	21	22	11	19	20	21	33	13	20	18	24	14	10	13	22	10	13	12	11	10	13	21	11	21	18	21	3	9	26	27	15	8	12	34	20	20	9	16	14	4	10	27	8	10	8	16	0	25	28	13	14	7	31	21	13	24	15	30	29	30	22
20	17	27	25	24	18	14	16	32	15	16	25	23	14	20	30	22	37	14	36	24	17	12	23	37	20	28	1	30	26	22	37	31	27	7	3	27	27	29	27	5	37	22	24	38	20	23	24	38	35	3	32	22	20	4	15	25	30	27	28	28	38	16	39	36	10	28	23	4	2	33	33	26	23	38	14	27	12	24	22	19	5	32	21	25	11	25	0	18	15	12	32	26	39	30	19	12	23	4	25	24
13	12	30	8	6	20	11	19	18	13	22	27	26	5	23	26	25	40	4	22	8	7	15	8	20	13	11	19	33	17	20	20	27	10	11	20	13	26	25	30	13	20	25	10	20	7	6	15	20	17	20	28	25	15	21	18	28	29	30	27	16	21	17	21	19	8	31	25	22	19	22	36	29	7	20	8	20	16	27	25	18	23	34	24	28	12	28	18	0	18	14	35	9	21	30	5	14	5	21	8	6
15	12	22	24	22	10	9	5	27	10	9	10	8	13	15	25	14	22	15	31	25	12	7	26	32	15	23	16	15	21	17	32	26	22	9	15	22	22	24	12	11	32	7	19	33	15	23	19	33	30	14	27	7	15	12	7	10	25	12	23	23	33	11	34	31	11	16	8	16	17	28	18	11	24	33	10	22	4	9	10	14	17	17	6	20	6	13	15	18	0	4	17	21	34	25	14	4	20	19	20	19
13	10	20	20	18	8	6	7	25	7	12	13	12	9	13	23	11	26	12	29	22	9	5	22	30	13	21	13	19	18	15	30	24	20	5	11	20	20	22	16	7	30	11	16	30	13	19	17	30	27	11	25	11	13	11	5	14	22	16	20	21	31	8	31	29	7	17	11	12	13	26	22	15	21	30	7	20	6	13	11	11	13	20	10	18	3	14	12	14	4	0	21	19	31	23	11	4	16	15	18	16
22	23	12	40	39	15	24	16	17	22	19	11	9	30	12	15	10	5	32	21	42	28	20	43	22	22	27	33	5	18	15	25	16	39	25	31	22	12	14	5	28	29	10	25	25	28	39	20	23	24	31	17	10	20	29	17	10	15	9	13	19	28	18	24	23	27	6	10	33	34	18	7	10	41	26	27	15	20	12	10	17	34	5	11	10	23	7	32	35	17	21	0	38	27	15	30	21	36	35	37	29
16	15	33	3	3	23	14	25	21	16	30	30	29	12	26	29	28	43	13	25	5	10	18	5	16	16	11	27	36	20	23	13	30	1	19	29	16	29	28	33	22	11	28	13	13	10	3	18	21	14	28	31	28	18	29	21	31	32	33	30	19	12	20	14	15	17	34	28	30	28	25	39	32	4	12	12	23	24	30	28	21	31	37	27	31	16	31	26	9	21	19	38	0	13	33	8	23	4	29	1	9
19	22	22	14	15	24	25	38	10	24	43	34	33	25	19	19	20	32	25	15	15	22	27	16	5	19	11	40	25	13	17	2	20	12	32	41	12	19	18	22	34	2	32	15	3	19	16	15	11	4	41	20	30	19	42	27	34	21	32	19	11	1	23	4	4	29	23	30	43	40	14	28	33	16	1	25	12	37	35	24	20	44	29	31	20	28	21	39	21	34	31	27	13	0	22	20	35	16	42	14	15
17	18	4	35	34	16	19	30	12	17	34	26	24	25	11	4	12	14	27	8	37	23	19	38	17	17	22	31	10	13	10	20	3	34	24	33	17	4	5	14	26	24	24	20	20	23	34	15	12	19	33	2	22	15	34	19	25	1	24	3	14	23	15	19	18	22	10	21	34	32	8	9	25	36	21	22	10	29	27	15	12	35	20	23	5	20	13	30	30	25	23	15	33	22	0	25	27	31	34	32	24
9	7	25	10	9	16	7	18	14	8	23	23	21	5	18	22	20	35	5	18	12	2	10	13	19	9	10	20	29	13	15	19	23	9	12	21	9	22	21	25	14	19	21	5	19	3	9	11	19	16	21	24	20	11	22	14	24	25	25	23	11	20	13	20	18	9	27	21	23	20	17	31	24	11	19	5	15	17	22	20	14	24	30	20	24	8	24	19	5	14	11	30	8	20	25	0	15	6	22	7	5
17	14	24	22	20	12	10	5	29	11	8	13	12	11	17	27	15	26	12	33	22	13	9	22	34	17	25	13	19	22	19	34	28	24	5	11	24	24	26	16	7	34	11	20	34	17	20	21	34	31	11	29	11	17	8	9	14	26	16	24	25	35	12	35	33	7	18	11	12	13	30	22	15	21	34	11	24	2	13	12	15	13	20	10	22	7	15	12	14	4	4	21	23	35	27	15	0	19	15	22	20
15	13	31	4	3	22	13	22	20	14	27	29	27	9	24	28	26	41	9	24	6	8	16	7	15	15	10	24	35	19	21	15	29	5	16	25	15	28	27	31	18	15	27	11	15	9	3	17	20	12	25	30	26	17	26	20	30	31	31	29	17	16	19	16	14	13	33	27	27	24	23	37	30	5	15	10	21	21	28	26	20	28	36	26	30	14	30	23	5	20	16	36	4	16	31	6	19	0	26	3	8
24	20	30	29	27	21	17	20	35	18	20	28	26	17	23	34	25	40	17	40	27	20	15	26	40	24	32	3	34	29	26	40	35	30	10	4	30	30	33	30	8	40	26	27	41	23	26	27	41	38	5	35	25	24	7	19	29	33	30	31	32	41	19	42	39	13	32	26	3	2	36	36	29	26	41	17	30	15	27	25	22	2	35	25	29	14	29	4	21	19	15	35	29	42	34	22	15	26	0	29	27
15	14	32	4	2	23	13	25	20	15	29	30	28	12	25	29	27	42	12	25	5	9	17	6	15	15	11	26	35	19	22	12	30	2	19	28	15	29	28	32	21	12	27	12	13	10	3	18	21	13	28	30	27	17	29	20	30	31	32	29	18	13	19	14	14	16	33	28	29	27	24	38	31	4	13	12	22	24	29	27	20	30	37	26	30	15	30	25	8	20	18	37	1	14	32	7	22	3	29	0	9
7	7	24	12	10	14	10	23	12	9	28	21	20	10	17	20	19	34	10	16	14	7	12	14	14	7	5	25	27	11	14	14	21	10	17	26	7	20	19	24	19	14	19	4	14	4	11	9	14	11	26	22	19	9	27	12	22	23	24	21	10	15	11	15	13	14	25	19	28	25	16	30	23	13	14	10	14	22	21	19	12	29	28	18	22	13	22	24	6	19	16	29	9	15	24	5	20	8	27	9	0
