0	16	24	8	15	17	15	14	17	17	11	23	18	15	7	10	12	18	4	18	6	21	18	5	15	13	7	16	20	8	13	17	7	20	7	16	7	14	10	17	19	17	19	9	18	17	16	7	19	9	16	13	17	14	24	12	22	23	24	14	17	8	18	16	24	12	15	25	13	10	13	9	16	5	15	23	4	8	2	12	20	14	15	17	19	15	19	9	20	6	17	13	4	27	21	6	14	22	22	15	7
16	0	30	12	30	33	21	30	16	11	17	28	34	31	16	13	21	12	13	21	10	5	13	20	1	25	14	32	36	23	28	13	23	5	23	32	12	29	26	30	24	1	14	18	12	33	25	10	3	13	15	19	3	29	29	28	28	39	29	29	33	11	3	30	30	28	31	31	27	16	9	21	22	21	31	29	15	19	18	28	25	19	31	23	13	14	4	8	26	20	33	28	18	43	27	16	28	38	37	4	9
24	30	0	18	35	28	16	32	41	41	14	2	29	26	31	18	36	42	28	42	24	27	42	20	29	37	18	27	31	19	23	41	31	28	26	34	18	24	24	25	13	31	43	16	42	31	40	21	29	33	40	12	28	34	4	23	3	34	3	31	28	32	27	25	17	23	29	1	22	15	22	16	9	23	26	2	21	32	24	23	17	11	36	12	43	39	27	23	4	30	34	33	28	38	3	19	23	33	32	27	28
8	12	18	0	22	25	13	22	23	23	5	16	26	23	13	3	18	24	10	24	6	13	24	12	12	19	6	24	28	15	20	23	15	13	15	24	3	21	18	22	12	13	25	10	24	25	23	3	12	15	22	9	10	21	17	20	16	31	17	21	25	15	10	22	18	20	23	19	19	7	5	13	10	13	23	17	7	15	10	20	14	7	23	11	25	21	12	5	14	12	25	20	10	35	15	8	20	30	29	9	10
15	30	35	22	0	25	26	4	15	21	22	34	11	26	15	25	10	20	18	9	20	35	17	16	30	6	18	26	11	17	22	18	8	35	9	2	20	25	12	28	30	31	16	20	19	5	5	21	33	17	16	24	31	1	35	13	33	10	35	5	15	19	32	27	35	16	6	36	24	21	27	20	27	13	14	34	16	12	13	23	31	25	1	28	20	17	34	23	31	11	3	2	12	15	32	17	25	16	21	29	21
17	33	28	25	25	0	12	21	30	30	22	26	14	2	20	27	25	31	20	31	23	38	31	13	32	26	19	1	14	10	5	30	20	37	16	23	22	4	13	3	15	34	32	15	31	20	30	23	35	22	29	16	34	24	24	12	29	15	30	20	10	22	34	3	11	9	19	29	6	18	30	12	23	12	11	26	18	22	15	5	11	20	25	16	32	28	36	25	27	19	24	23	17	10	28	17	5	9	5	31	24
15	21	16	13	26	12	0	23	32	32	11	14	16	10	22	15	27	33	19	33	15	26	33	11	20	28	9	11	15	10	8	32	22	25	17	25	10	8	15	9	4	22	34	7	33	22	31	12	24	24	31	4	22	25	12	14	17	18	19	22	12	23	23	10	9	10	20	17	6	6	18	7	11	14	13	15	12	23	15	7	5	9	27	4	34	30	24	14	15	21	25	24	19	22	16	10	7	17	17	20	19
14	30	32	22	4	21	23	0	14	21	20	30	7	23	14	24	9	20	18	10	20	35	17	12	29	6	16	22	8	13	19	18	8	34	8	2	19	22	8	24	26	31	16	16	18	3	9	21	33	17	15	20	31	3	31	9	29	9	31	1	11	19	32	23	32	13	3	33	20	17	27	16	23	9	10	30	16	12	12	19	27	21	5	24	19	17	33	23	28	10	3	2	12	13	29	15	21	13	18	29	21
17	16	41	23	15	30	32	14	0	7	28	39	18	32	10	24	5	6	14	6	17	21	3	22	15	9	24	31	20	22	28	4	10	20	15	16	23	31	17	33	35	17	2	25	4	17	10	21	19	8	1	30	17	14	40	19	39	23	40	14	20	9	18	33	41	22	15	42	29	27	20	25	33	19	19	40	20	9	17	29	36	30	15	34	5	3	19	19	37	12	17	13	13	27	38	23	30	22	27	15	14
17	11	41	23	21	30	32	21	7	0	28	39	25	32	10	24	12	1	14	12	17	14	4	22	12	16	24	31	27	22	28	4	14	14	15	23	23	31	17	33	35	10	5	25	3	24	16	21	12	8	6	30	14	20	40	19	39	30	40	20	24	9	14	33	41	22	22	42	29	27	20	25	33	19	22	40	20	10	17	29	36	30	22	34	2	5	15	19	37	12	24	19	13	34	38	23	30	29	28	15	14
11	17	14	5	22	22	11	20	28	28	0	12	24	21	18	5	23	29	14	28	11	16	28	10	16	24	4	21	26	13	18	28	18	15	13	22	5	18	15	19	8	18	29	7	28	22	27	7	16	20	27	7	14	21	13	17	11	28	13	19	22	19	14	20	14	17	21	15	17	5	8	11	5	11	21	12	8	19	11	17	12	3	23	7	29	25	14	9	10	16	22	20	15	32	11	5	18	27	27	13	14
23	28	2	16	34	26	14	30	39	39	12	0	27	24	29	16	34	40	26	40	22	25	40	18	28	35	16	25	29	17	22	39	29	26	25	32	16	22	22	23	11	29	41	14	40	29	39	19	28	31	38	11	26	33	3	21	3	32	5	29	26	31	25	24	15	21	28	3	20	13	20	14	7	21	24	1	19	31	23	21	15	9	34	11	41	37	25	21	3	28	33	32	26	36	2	17	21	31	31	25	26
18	34	29	26	11	14	16	7	18	25	24	27	0	16	18	28	13	24	22	17	24	39	21	14	33	12	20	15	2	11	12	22	12	38	12	9	23	15	9	17	19	35	20	17	22	6	16	25	37	21	19	17	35	10	25	7	30	5	32	6	4	23	36	17	25	7	5	30	13	19	31	13	24	13	3	28	20	16	16	13	20	22	11	18	23	21	37	27	28	14	10	9	16	9	29	19	14	6	11	33	25
15	31	26	23	26	2	10	23	32	32	21	24	16	0	22	25	27	33	19	33	21	36	33	11	30	28	17	1	15	10	4	32	22	35	17	25	20	3	15	2	14	32	34	14	33	22	31	22	34	24	31	14	32	25	22	14	27	17	29	22	12	23	33	1	9	10	20	27	4	16	28	10	21	14	13	25	17	23	15	4	9	19	27	14	34	30	34	24	25	21	25	24	19	12	26	16	3	10	7	30	22
7	16	31	13	15	20	22	14	10	10	18	29	18	22	0	14	5	11	4	11	7	21	11	12	15	9	14	21	20	12	18	10	7	20	7	16	13	21	10	23	25	17	12	15	11	17	10	11	19	3	9	20	17	14	30	12	29	23	30	14	17	5	18	23	31	12	15	32	19	17	13	15	23	9	15	30	10	3	7	19	26	20	15	24	12	8	19	9	27	4	17	13	3	27	28	13	20	22	22	15	7
10	13	18	3	25	27	15	24	24	24	5	16	28	25	14	0	19	25	10	24	7	11	24	14	12	20	8	26	30	18	23	24	17	10	17	26	5	23	20	24	12	14	25	12	24	27	23	4	12	16	23	12	10	24	17	22	15	33	17	24	27	15	10	25	18	22	25	19	21	9	4	15	9	15	25	16	9	15	12	22	16	7	25	12	25	21	9	5	14	14	27	23	13	37	15	10	22	32	32	9	10
12	21	36	18	10	25	27	9	5	12	23	34	13	27	5	19	0	11	9	6	12	26	8	17	20	4	19	26	15	17	23	9	5	25	10	11	18	26	12	28	30	22	7	20	9	12	5	16	24	8	6	25	22	9	35	14	34	18	35	9	15	10	23	28	36	17	10	37	24	22	18	20	28	14	14	35	15	4	12	24	31	25	10	29	10	8	24	14	32	7	12	8	8	22	33	18	25	17	22	20	12
18	12	42	24	20	31	33	20	6	1	29	40	24	33	11	25	11	0	15	11	18	15	3	23	13	15	25	32	26	23	29	3	13	15	16	22	24	32	18	34	36	11	4	26	2	23	15	22	13	9	5	31	15	19	41	20	40	29	41	19	23	10	15	34	42	23	21	43	30	28	21	26	34	20	21	41	21	10	18	30	37	31	21	35	1	4	16	20	38	13	23	18	14	33	39	24	31	28	28	16	15
4	13	28	10	18	20	19	18	14	14	14	26	22	19	4	10	9	15	0	14	4	18	14	8	12	12	10	19	24	11	16	14	10	17	10	20	10	18	13	20	22	14	15	12	14	20	13	7	15	6	13	16	14	17	27	15	25	26	27	17	20	5	14	19	28	15	19	29	16	13	10	12	19	9	19	26	7	6	6	15	23	17	19	20	15	11	16	5	24	8	20	16	6	30	25	9	17	25	25	11	4
18	21	42	24	9	31	33	10	6	12	28	40	17	33	11	24	6	11	14	0	18	26	8	22	21	5	24	32	18	23	29	9	11	26	16	11	24	32	18	34	36	22	7	26	10	12	4	21	24	9	7	30	22	8	41	19	39	18	41	11	21	10	23	33	42	23	13	43	30	27	20	26	33	19	20	40	21	10	18	29	37	31	10	34	11	8	25	19	38	12	12	9	14	22	39	23	31	23	28	20	14
6	10	24	6	20	23	15	20	17	17	11	22	24	21	7	7	12	18	4	18	0	15	18	10	10	15	7	22	26	13	18	17	13	15	13	22	6	19	16	20	18	11	19	8	18	23	17	4	13	9	16	13	11	19	23	18	22	29	23	19	23	9	12	20	24	18	21	25	17	10	7	11	16	11	21	23	5	9	8	18	19	13	21	17	19	15	14	3	20	10	23	18	8	33	21	6	18	28	27	9	4
21	5	27	13	35	38	26	35	21	14	16	25	39	36	21	11	26	15	18	26	15	0	18	25	6	30	19	37	41	28	33	18	28	1	28	37	16	34	31	35	23	4	19	23	17	38	30	15	3	18	20	22	4	34	26	33	25	44	26	34	38	16	4	35	27	33	36	28	32	20	8	26	19	26	36	26	20	24	23	33	27	18	36	22	16	19	2	13	23	25	38	33	23	48	24	21	33	43	42	7	14
18	13	42	24	17	31	33	17	3	4	28	40	21	33	11	24	8	3	14	8	18	18	0	22	13	12	24	32	23	23	29	1	11	18	16	19	24	32	18	34	36	14	1	26	2	20	12	21	16	9	2	30	14	16	41	19	39	26	41	16	21	10	15	33	42	23	18	43	30	27	20	26	33	19	20	40	21	10	18	29	37	31	18	34	3	3	17	19	38	12	20	15	14	30	39	23	31	25	28	15	14
5	20	20	12	16	13	11	12	22	22	10	18	14	11	12	14	17	23	8	22	10	25	22	0	19	18	6	12	16	4	9	22	12	24	7	14	9	10	6	12	14	21	23	4	22	13	21	11	23	14	21	8	21	15	19	8	17	19	19	12	13	13	22	11	20	8	11	21	8	5	17	4	11	3	11	18	6	13	5	8	15	9	17	12	23	19	23	13	16	10	15	14	9	23	17	5	9	18	18	19	11
15	1	29	12	30	32	20	29	15	12	16	28	33	30	15	12	20	13	12	21	10	6	13	19	0	24	13	31	35	23	28	12	22	5	22	31	12	28	25	29	24	2	14	17	13	32	25	9	4	13	14	18	2	29	29	27	27	38	29	29	32	11	3	30	29	27	30	30	26	15	8	20	21	20	30	28	14	18	17	27	25	19	30	22	14	13	4	7	25	19	32	28	18	42	26	15	27	37	37	3	9
13	25	37	19	6	26	28	6	9	16	24	35	12	28	9	20	4	15	12	5	15	30	12	18	24	0	20	27	13	18	24	12	6	29	11	8	19	27	13	29	31	26	11	21	13	8	4	17	27	12	10	26	26	5	36	15	35	14	36	6	16	14	26	29	37	18	8	38	25	23	22	21	29	15	15	36	16	6	13	25	32	26	7	30	14	11	28	17	33	8	8	4	9	18	34	19	26	18	23	23	16
7	14	18	6	18	19	9	16	24	24	4	16	20	17	14	8	19	25	10	24	7	19	24	6	13	20	0	18	22	10	15	24	14	18	9	18	3	15	12	16	12	15	25	4	24	19	23	5	17	16	23	6	15	17	17	14	15	25	17	16	19	15	16	17	18	14	17	19	13	3	11	7	9	7	17	16	4	15	7	14	13	7	19	10	25	21	17	7	14	12	19	16	11	29	15	2	14	24	24	13	10
16	32	27	24	26	1	11	22	31	31	21	25	15	1	21	26	26	32	19	32	22	37	32	12	31	27	18	0	15	9	4	31	21	36	17	24	21	3	14	2	14	33	33	14	32	21	31	22	34	23	30	15	33	25	23	13	28	16	29	21	11	23	33	2	10	10	20	28	5	17	29	11	22	13	12	25	17	23	15	4	10	19	26	15	33	29	35	24	26	20	25	24	18	11	27	16	4	10	6	30	23
20	36	31	28	11	14	15	8	20	27	26	29	2	15	20	30	15	26	24	18	26	41	23	16	35	13	22	15	0	13	11	24	14	40	14	10	25	14	11	17	19	37	22	19	24	7	16	27	39	23	21	19	37	10	27	9	32	3	34	7	4	25	38	16	24	9	5	32	13	21	33	15	26	15	5	30	22	18	18	12	20	24	12	19	25	23	39	29	30	16	10	9	18	7	31	21	14	5	10	35	27
8	23	19	15	17	10	10	13	22	22	13	17	11	10	12	18	17	23	11	23	13	28	23	4	23	18	10	9	13	0	6	22	12	28	8	15	13	9	5	11	13	24	24	6	23	12	22	14	26	14	21	8	24	16	18	5	19	16	21	12	10	14	25	11	19	5	11	20	7	9	20	3	13	4	8	18	9	14	6	7	14	11	17	12	24	20	27	16	18	11	16	15	9	20	19	8	8	15	14	22	14
13	28	23	20	22	5	8	19	28	28	18	22	12	4	18	23	23	29	16	29	18	33	29	9	28	24	15	4	11	6	0	28	18	33	13	21	18	3	11	6	11	29	30	11	29	18	27	19	31	20	27	11	29	21	19	10	24	13	26	18	8	19	30	5	13	6	16	24	2	14	25	8	18	10	9	22	14	19	11	1	9	16	23	11	30	26	32	21	23	17	21	20	15	15	24	13	3	10	9	27	19
17	13	41	23	18	30	32	18	4	4	28	39	22	32	10	24	9	3	14	9	17	18	1	22	12	12	24	31	24	22	28	0	10	17	15	20	23	31	17	33	35	14	2	25	1	20	13	21	15	8	3	30	14	17	40	19	39	26	40	17	20	9	14	33	41	22	19	42	29	27	20	25	33	19	19	40	20	9	17	29	36	30	19	34	2	3	16	19	37	12	20	16	13	30	38	23	30	25	27	15	14
7	23	31	15	8	20	22	8	10	14	18	29	12	22	7	17	5	13	10	11	13	28	11	12	22	6	14	21	14	12	18	10	0	27	5	10	13	21	7	23	25	24	12	15	11	10	10	13	25	10	9	20	24	7	30	9	29	16	30	7	10	12	24	23	31	12	9	32	19	17	20	15	23	9	9	30	10	4	7	19	26	20	9	24	12	9	26	15	27	3	10	6	5	20	28	13	20	15	17	21	14
20	5	28	13	35	37	25	34	20	14	15	26	38	35	20	10	25	15	17	26	15	1	18	24	5	29	18	36	40	28	33	17	27	0	27	36	15	33	30	34	22	4	19	22	16	37	30	14	2	18	19	22	4	34	27	32	25	43	27	34	37	16	3	35	28	32	35	29	31	19	8	25	19	25	35	26	19	23	22	32	26	17	35	22	15	18	1	12	24	24	37	33	23	47	25	20	32	42	42	6	14
7	23	26	15	9	16	17	8	15	15	13	25	12	17	7	17	10	16	10	16	13	28	16	7	22	11	9	17	14	8	13	15	5	27	0	10	12	16	3	19	21	24	17	11	16	10	14	13	25	10	14	15	24	8	26	5	24	16	26	7	10	12	24	18	26	7	9	27	15	12	20	11	18	4	9	25	8	6	5	14	22	16	10	19	17	13	26	15	22	4	10	7	5	20	23	8	16	15	15	21	14
16	32	34	24	2	23	25	2	16	23	22	32	9	25	16	26	11	22	20	11	22	37	19	14	31	8	18	24	10	15	21	20	10	36	10	0	21	24	10	26	28	33	18	18	20	3	7	23	35	19	17	22	33	3	33	11	31	8	33	3	13	21	34	25	34	15	5	35	22	19	29	18	25	11	12	32	18	14	14	21	29	23	3	26	21	19	35	25	30	12	1	4	14	13	31	17	23	15	20	31	23
7	12	18	3	20	22	10	19	23	23	5	16	23	20	13	5	18	24	10	24	6	16	24	9	12	19	3	21	25	13	18	23	13	15	12	21	0	18	15	19	12	13	25	7	24	22	23	3	14	15	22	7	12	19	17	17	16	28	17	19	22	15	13	20	18	17	20	19	16	4	8	10	10	10	20	17	4	15	7	17	13	7	20	11	25	21	14	5	14	12	22	18	10	32	15	5	17	27	27	10	10
14	29	24	21	25	4	8	22	31	31	18	22	15	3	21	23	26	32	18	32	19	34	32	10	28	27	15	3	14	9	3	31	21	33	16	24	18	0	14	3	11	30	33	11	32	21	30	19	31	23	30	12	30	24	20	13	25	16	26	21	11	22	30	2	10	9	19	25	2	14	26	8	19	13	12	22	14	22	14	3	7	16	26	12	33	29	32	21	23	20	24	23	18	14	24	13	1	9	9	27	20
10	26	24	18	12	13	15	8	17	17	15	22	9	15	10	20	12	18	13	18	16	31	18	6	25	13	12	14	11	5	11	17	7	30	3	10	15	14	0	16	18	27	19	8	18	7	17	16	28	13	16	13	27	11	23	2	22	13	23	7	7	15	27	16	24	5	6	25	12	11	23	8	16	5	6	23	11	9	8	12	19	13	12	17	19	15	29	18	20	6	11	10	8	17	21	10	13	12	12	24	17
17	30	25	22	28	3	9	24	33	33	19	23	17	2	23	24	28	34	20	34	20	35	34	12	29	29	16	2	17	11	6	33	23	34	19	26	19	3	16	0	12	31	35	12	34	23	33	20	32	25	32	13	31	27	21	15	26	18	27	23	13	25	31	1	8	12	22	26	4	15	27	9	20	15	14	23	15	25	17	5	8	17	28	13	35	31	33	22	24	22	27	26	20	13	25	14	3	12	8	28	21
19	24	13	12	30	15	4	26	35	35	8	11	19	14	25	12	30	36	22	36	18	23	36	14	24	31	12	14	19	13	11	35	25	22	21	28	12	11	18	12	0	25	37	10	36	25	35	15	24	27	34	6	22	29	9	17	14	21	15	25	15	27	21	13	6	14	24	14	10	9	16	10	8	17	16	11	15	27	19	10	5	5	30	2	37	33	21	17	12	24	29	28	22	25	13	13	11	20	20	21	22
17	1	31	13	31	34	22	31	17	10	18	29	35	32	17	14	22	11	14	22	11	4	14	21	2	26	15	33	37	24	29	14	24	4	24	33	13	30	27	31	25	0	15	19	13	34	26	11	2	14	16	20	4	30	30	29	29	40	30	30	34	12	4	31	31	29	32	32	28	17	10	22	23	22	32	30	16	20	19	29	26	20	32	24	12	15	5	9	27	21	34	29	19	44	28	17	29	39	38	5	10
19	14	43	25	16	32	34	16	2	5	29	41	20	34	12	25	7	4	15	7	19	19	1	23	14	11	25	33	22	24	30	2	12	19	17	18	25	33	19	35	37	15	0	27	3	19	11	22	17	10	3	31	15	15	42	20	40	25	42	15	22	11	16	34	43	24	17	44	31	28	21	27	34	20	21	41	22	11	19	30	38	32	17	35	4	4	18	20	39	13	19	14	15	29	40	24	32	24	29	16	15
9	18	16	10	20	15	7	16	25	25	7	14	17	14	15	12	20	26	12	26	8	23	26	4	17	21	4	14	19	6	11	25	15	22	11	18	7	11	8	12	10	19	27	0	26	15	25	8	20	17	24	5	19	19	15	10	14	21	15	15	15	17	19	13	16	10	14	17	10	3	15	4	8	7	14	15	5	17	9	10	11	5	20	9	27	23	21	10	12	14	19	18	12	25	13	3	11	20	20	16	12
18	12	42	24	19	31	33	18	4	3	28	40	22	33	11	24	9	2	14	10	18	17	2	22	13	13	24	32	24	23	29	1	11	16	16	20	24	32	18	34	36	13	3	26	0	21	14	21	15	9	3	30	14	18	41	19	39	27	41	18	21	10	15	33	42	23	19	43	30	27	20	26	33	19	20	40	21	10	18	29	37	31	19	34	1	3	15	19	38	12	21	17	14	31	39	23	31	26	28	15	14
17	33	31	25	5	20	22	3	17	24	22	29	6	22	17	27	12	23	20	12	23	38	20	13	32	8	19	21	7	12	18	20	10	37	10	3	22	21	7	23	25	34	19	15	21	0	10	23	35	20	18	20	34	4	30	9	29	6	30	4	10	22	34	23	31	12	2	32	19	18	30	15	23	12	9	30	18	14	15	19	26	20	5	24	22	19	36	25	27	13	4	5	15	10	28	17	20	12	17	31	24
16	25	40	23	5	30	31	9	10	16	27	39	16	31	10	23	5	15	13	4	17	30	12	21	25	4	23	31	16	22	27	13	10	30	14	7	23	30	17	33	35	26	11	25	14	10	0	20	28	12	11	29	26	6	40	18	38	15	40	10	20	14	27	32	40	21	11	41	29	26	22	25	32	18	19	39	20	8	16	28	36	30	6	33	15	12	29	18	36	11	8	7	13	20	37	22	30	21	26	24	16
7	10	21	3	21	23	12	21	21	21	7	19	25	22	11	4	16	22	7	21	4	15	21	11	9	17	5	22	27	14	19	21	13	14	13	23	3	19	16	20	15	11	22	8	21	23	20	0	12	13	20	9	11	20	20	18	18	29	20	20	23	12	11	21	21	18	22	22	18	6	7	12	12	12	22	19	5	12	9	18	16	10	22	13	22	18	13	2	17	11	23	19	9	33	18	6	19	28	28	8	7
19	3	29	12	33	35	24	33	19	12	16	28	37	34	19	12	24	13	15	24	13	3	16	23	4	27	17	34	39	26	31	15	25	2	25	35	14	31	28	32	24	2	17	20	15	35	28	12	0	16	18	20	2	32	29	30	27	41	29	32	35	14	3	33	29	30	34	30	30	18	8	24	21	24	34	28	17	21	21	30	25	19	34	22	14	16	3	10	25	23	35	31	21	45	26	18	31	40	40	4	12
9	13	33	15	17	22	24	17	8	8	20	31	21	24	3	16	8	9	6	9	9	18	9	14	13	12	16	23	23	14	20	8	10	18	10	19	15	23	13	25	27	14	10	17	9	20	12	13	16	0	7	22	14	16	32	15	31	26	32	16	20	2	15	25	33	15	18	34	21	19	12	17	25	11	18	32	12	6	9	21	28	22	18	26	10	6	17	11	29	7	20	15	5	30	30	15	22	25	24	12	6
16	15	40	22	16	29	31	15	1	6	27	38	19	31	9	23	6	5	13	7	16	20	2	21	14	10	23	30	21	21	27	3	9	19	14	17	22	30	16	32	34	16	3	24	3	18	11	20	18	7	0	29	16	15	39	18	38	24	39	15	19	8	17	32	40	21	16	41	28	26	19	24	32	18	18	39	19	8	16	28	35	29	16	33	4	2	18	18	36	11	18	14	12	28	37	22	29	23	26	14	13
13	19	12	9	24	16	4	20	30	30	7	11	17	14	20	12	25	31	16	30	13	22	30	8	18	26	6	15	19	8	11	30	20	22	15	22	7	12	13	13	6	20	31	5	30	20	29	9	20	22	29	0	18	23	11	11	13	22	15	20	16	21	19	13	12	11	18	13	10	3	14	5	7	11	14	11	10	21	13	11	7	5	25	4	31	27	21	11	12	18	23	22	17	26	13	7	11	21	20	16	16
17	3	28	10	31	34	22	31	17	14	14	26	35	32	17	10	22	15	14	22	11	4	14	21	2	26	15	33	37	24	29	14	24	4	24	33	12	30	27	31	22	4	15	19	14	34	26	11	2	14	16	18	0	30	27	29	25	40	27	30	34	12	1	31	28	29	32	29	28	16	6	22	19	22	32	26	16	20	19	29	23	17	32	20	15	15	3	9	24	21	34	29	19	44	25	17	29	39	38	3	10
14	29	34	21	1	24	25	3	14	20	21	33	10	25	14	24	9	19	17	8	19	34	16	15	29	5	17	25	10	16	21	17	7	34	8	3	19	24	11	27	29	30	15	19	18	4	6	20	32	16	15	23	30	0	34	12	32	10	34	4	14	18	31	26	34	15	5	35	23	20	26	19	26	12	13	33	15	11	12	22	30	24	2	27	19	16	33	22	30	10	4	1	11	14	31	16	24	15	20	28	20
24	29	4	17	35	24	12	31	40	40	13	3	25	22	30	17	35	41	27	41	23	26	41	19	29	36	17	23	27	18	19	40	30	27	26	33	17	20	23	21	9	30	42	15	41	30	40	20	29	32	39	11	27	34	0	22	5	30	7	30	24	32	26	21	13	19	29	5	18	14	21	15	8	22	22	3	20	32	24	19	13	10	35	8	42	38	26	22	4	29	34	33	27	34	5	18	19	29	28	26	27
12	28	23	20	13	12	14	9	19	19	17	21	7	14	12	22	14	20	15	19	18	33	19	8	27	15	14	13	9	5	10	19	9	32	5	11	17	13	2	15	17	29	20	10	19	9	18	18	30	15	18	11	29	12	22	0	24	11	25	9	5	17	29	14	23	4	7	24	11	13	25	7	18	7	4	21	13	10	10	10	18	15	14	15	20	16	31	20	22	8	12	11	10	15	23	12	12	10	10	26	19
22	28	3	16	33	29	17	29	39	39	11	3	30	27	29	15	34	40	25	39	22	25	39	17	27	35	15	28	32	19	24	39	29	25	24	31	16	25	22	26	14	29	40	14	39	29	38	18	27	31	38	13	25	32	5	24	0	35	2	29	29	30	25	26	18	24	27	4	23	12	19	17	6	20	27	3	19	30	22	24	18	9	34	13	40	36	24	20	2	27	32	31	26	39	1	16	24	34	33	24	25
23	39	34	31	10	15	18	9	23	30	28	32	5	17	23	33	18	29	26	18	29	44	26	19	38	14	25	16	3	16	13	26	16	43	16	8	28	16	13	18	21	40	25	21	27	6	15	29	41	26	24	22	40	10	30	11	35	0	36	10	6	28	40	17	26	11	8	35	14	24	36	18	29	18	8	32	24	20	21	13	21	26	11	22	28	25	42	31	33	19	9	11	21	5	34	23	15	7	12	37	30
24	29	3	17	35	30	19	31	40	40	13	5	32	29	30	17	35	41	27	41	23	26	41	19	29	36	17	29	34	21	26	40	30	27	26	33	17	26	23	27	15	30	42	15	41	30	40	20	29	32	39	15	27	34	7	25	2	36	0	30	30	32	26	28	20	25	29	2	25	14	21	19	8	22	29	4	20	32	24	25	20	10	35	15	42	38	26	22	4	29	34	33	27	40	3	18	26	35	35	26	27
14	29	31	21	5	20	22	1	14	20	19	29	6	22	14	24	9	19	17	11	19	34	16	12	29	6	16	21	7	12	18	17	7	34	7	3	19	21	7	23	25	30	15	15	18	4	10	20	32	16	15	20	30	4	30	9	29	10	30	0	10	18	31	23	31	12	2	32	19	17	26	15	23	9	9	30	15	11	12	19	26	20	5	24	19	16	33	22	27	10	4	3	11	14	28	14	20	12	17	28	20
17	33	28	25	15	10	12	11	20	24	22	26	4	12	17	27	15	23	20	21	23	38	21	13	32	16	19	11	4	10	8	20	10	37	10	13	22	11	7	13	15	34	22	15	21	10	20	23	35	20	19	16	34	14	24	5	29	6	30	10	0	22	34	13	21	5	9	29	9	18	30	12	23	12	2	26	18	14	15	9	16	20	15	16	22	19	36	25	27	13	14	13	15	10	28	17	10	5	7	31	24
8	11	32	15	19	22	23	19	9	9	19	31	23	23	5	15	10	10	5	10	9	16	10	13	11	14	15	23	25	14	19	9	12	16	12	21	15	22	15	25	27	12	11	17	10	22	14	12	14	2	8	21	12	18	32	17	30	28	32	18	22	0	13	24	32	17	20	33	21	18	11	17	24	10	20	31	12	8	8	20	28	22	20	25	11	7	15	10	28	9	22	17	7	32	29	14	22	27	26	10	5
18	3	27	10	32	34	23	32	18	14	14	25	36	33	18	10	23	15	14	23	12	4	15	22	3	26	16	33	38	25	30	14	24	3	24	34	13	30	27	31	21	4	16	19	15	34	27	11	3	15	17	19	1	31	26	29	25	40	26	31	34	13	0	32	27	29	33	28	29	17	6	23	19	23	33	26	16	20	20	29	24	16	33	20	16	15	2	9	23	22	34	30	20	44	24	17	30	39	39	3	11
16	30	25	22	27	3	10	23	33	33	20	24	17	1	23	25	28	34	19	33	20	35	33	11	30	29	17	2	16	11	5	33	23	35	18	25	20	2	16	1	13	31	34	13	33	23	32	21	33	25	32	13	31	26	21	14	26	17	28	23	13	24	32	0	9	11	21	26	4	16	27	10	20	14	14	24	16	24	16	4	9	18	28	13	34	30	34	23	25	21	26	25	20	13	26	15	3	11	7	29	21
24	30	17	18	35	11	9	32	41	41	14	15	25	9	31	18	36	42	28	42	24	27	42	20	29	37	18	10	24	19	13	41	31	28	26	34	18	10	24	8	6	31	43	16	42	31	40	21	29	33	40	12	28	34	13	23	18	26	20	31	21	32	27	9	0	19	29	18	12	15	22	16	12	23	22	16	21	32	24	13	5	11	36	8	43	39	27	23	16	30	34	33	28	21	17	19	11	19	16	27	28
12	28	23	20	16	9	10	13	22	22	17	21	7	10	12	22	17	23	15	23	18	33	23	8	27	18	14	10	9	5	6	22	12	32	7	15	17	9	5	12	14	29	24	10	23	12	21	18	30	15	21	11	29	15	19	4	24	11	25	12	5	17	29	11	19	0	10	24	8	13	25	7	18	7	4	21	13	13	10	7	15	15	17	12	24	20	31	20	22	11	15	14	10	15	23	12	9	10	10	26	19
15	31	29	23	6	19	20	3	15	22	21	28	5	20	15	25	10	21	19	13	21	36	18	11	30	8	17	20	5	11	16	19	9	35	9	5	20	19	6	22	24	32	17	14	19	2	11	22	34	18	16	18	32	5	29	7	27	8	29	2	9	20	33	21	29	10	0	30	18	16	28	14	21	10	8	28	17	13	13	17	25	19	7	22	20	18	34	24	25	11	5	4	13	12	26	16	19	10	15	30	22
25	31	1	19	36	29	17	33	42	42	15	3	30	27	32	19	37	43	29	43	25	28	43	21	30	38	19	28	32	20	24	42	32	29	27	35	19	25	25	26	14	32	44	17	43	32	41	22	30	34	41	13	29	35	5	24	4	35	2	32	29	33	28	26	18	24	30	0	23	16	23	17	10	24	27	3	22	33	25	24	18	12	37	13	44	40	28	24	5	31	35	34	29	39	4	20	24	34	33	28	29
13	27	22	19	24	6	6	20	29	29	17	20	13	4	19	21	24	30	16	30	17	32	30	8	26	25	13	5	13	7	2	29	19	31	15	22	16	2	12	4	10	28	31	10	30	19	29	18	30	21	28	10	28	23	18	11	23	14	25	19	9	21	29	4	12	8	18	23	0	12	24	6	17	11	10	21	13	21	13	1	7	15	24	10	31	27	30	20	21	18	23	22	16	16	22	12	1	11	11	26	18
10	16	15	7	21	18	6	17	27	27	5	13	19	16	17	9	22	28	13	27	10	20	27	5	15	23	3	17	21	9	14	27	17	19	12	19	4	14	11	15	9	17	28	3	27	18	26	6	18	19	26	3	16	20	14	13	12	24	14	17	18	18	17	16	15	13	16	16	12	0	12	6	6	8	16	13	7	18	10	13	10	4	22	7	28	24	18	8	11	15	20	19	14	28	12	4	13	23	23	14	13
13	9	22	5	27	30	18	27	20	20	8	20	31	28	13	4	18	21	10	20	7	8	20	17	8	22	11	29	33	20	25	20	20	8	20	29	8	26	23	27	16	10	21	15	20	30	22	7	8	12	19	14	6	26	21	25	19	36	21	26	30	11	6	27	22	25	28	23	24	12	0	18	13	18	28	20	12	16	15	25	19	11	28	14	21	17	7	5	18	17	30	25	15	40	19	13	25	35	34	5	6
9	21	16	13	20	12	7	16	25	25	11	14	13	10	15	15	20	26	12	26	11	26	26	4	20	21	7	11	15	3	8	25	15	25	11	18	10	8	8	9	10	22	27	4	26	15	25	12	24	17	24	5	22	19	15	7	17	18	19	15	12	17	23	10	16	7	14	17	6	6	18	0	11	7	10	15	7	17	9	7	11	9	20	9	27	23	24	14	15	14	19	18	12	22	16	6	7	17	17	20	12
16	22	9	10	27	23	11	23	33	33	5	7	24	21	23	9	28	34	19	33	16	19	33	11	21	29	9	22	26	13	18	33	23	19	18	25	10	19	16	20	8	23	34	8	33	23	32	12	21	25	32	7	19	26	8	18	6	29	8	23	23	24	19	20	12	18	21	10	17	6	13	11	0	14	21	7	13	24	16	18	12	3	28	7	34	30	18	14	5	21	26	25	20	33	6	10	18	28	27	18	19
5	21	23	13	13	12	14	9	19	19	11	21	13	14	9	15	14	20	9	19	11	26	19	3	20	15	7	13	15	4	10	19	9	25	4	11	10	13	5	15	17	22	20	7	19	12	18	12	24	11	18	11	22	12	22	7	20	18	22	9	12	10	23	14	23	7	10	24	11	8	18	7	14	0	10	21	7	10	3	10	18	12	14	15	20	16	24	14	19	7	12	11	6	22	20	6	12	17	17	20	12
15	31	26	23	14	11	13	10	19	22	21	24	3	13	15	25	14	21	19	20	21	36	20	11	30	15	17	12	5	8	9	19	9	35	9	12	20	12	6	14	16	32	21	14	20	9	19	22	34	18	18	14	32	13	22	4	27	8	29	9	2	20	33	14	22	4	8	27	10	16	28	10	21	10	0	25	17	13	13	10	17	19	14	15	21	18	34	24	25	11	13	12	13	12	26	16	11	7	8	30	22
23	29	2	17	34	26	15	30	40	40	12	1	28	25	30	16	35	41	26	40	23	26	40	18	28	36	16	25	30	18	22	40	30	26	25	32	17	22	23	23	11	30	41	15	40	30	39	19	28	32	39	11	26	33	3	21	3	32	4	30	26	31	26	24	16	21	28	3	21	13	20	15	7	21	25	0	20	31	23	21	16	10	35	11	41	37	25	21	3	28	33	32	27	36	2	17	22	31	31	25	26
4	15	21	7	16	18	12	16	20	20	8	19	20	17	10	9	15	21	7	21	5	20	21	6	14	16	4	17	22	9	14	20	10	19	8	18	4	14	11	15	15	16	22	5	21	18	20	5	17	12	19	10	16	15	20	13	19	24	20	15	18	12	16	16	21	13	17	22	13	7	12	7	13	7	17	20	0	12	4	13	16	10	17	14	22	18	18	7	17	9	18	14	7	28	18	3	14	23	23	13	7
8	19	32	15	12	22	23	12	9	10	19	31	16	23	3	15	4	10	6	10	9	24	10	13	18	6	15	23	18	14	19	9	4	23	6	14	15	22	9	25	27	20	11	17	10	14	8	12	21	6	8	21	20	11	32	10	30	20	32	11	14	8	20	24	32	13	13	33	21	18	16	17	24	10	13	31	12	0	8	20	28	22	13	25	11	7	22	11	28	3	14	10	5	24	29	14	22	19	19	17	10
2	18	24	10	13	15	15	12	17	17	11	23	16	15	7	12	12	18	6	18	8	23	18	5	17	13	7	15	18	6	11	17	7	22	5	14	7	14	8	17	19	19	19	9	18	15	16	9	21	9	16	13	19	12	24	10	22	21	24	12	15	8	20	16	24	10	13	25	13	10	15	9	16	3	13	23	4	8	0	12	20	14	13	17	19	15	21	11	20	6	15	11	4	25	21	6	14	20	20	17	9
12	28	23	20	23	5	7	19	29	29	17	21	13	4	19	22	24	30	15	29	18	33	29	8	27	25	14	4	12	7	1	29	19	32	14	21	17	3	12	5	10	29	30	10	29	19	28	18	30	21	28	11	29	22	19	10	24	13	25	19	9	20	29	4	13	7	17	24	1	13	25	7	18	10	10	21	13	20	12	0	8	15	24	11	30	26	31	20	22	17	22	21	16	15	23	12	2	10	10	26	19
20	25	17	14	31	11	5	27	36	36	12	15	20	9	26	16	31	37	23	37	19	27	37	15	25	32	13	10	20	14	9	36	26	26	22	29	13	7	19	8	5	26	38	11	37	26	36	16	25	28	35	7	23	30	13	18	18	21	20	26	16	28	24	9	5	15	25	18	7	10	19	11	12	18	17	16	16	28	20	8	0	10	31	5	38	34	25	18	16	25	30	29	23	21	17	14	6	16	16	22	23
14	19	11	7	25	20	9	21	30	30	3	9	22	19	20	7	25	31	17	31	13	18	31	9	19	26	7	19	24	11	16	30	20	17	16	23	7	16	13	17	5	20	32	5	31	20	30	10	19	22	29	5	17	24	10	15	9	26	10	20	20	22	16	18	11	15	19	12	15	4	11	9	3	12	19	10	10	22	14	15	10	0	25	5	32	28	16	12	7	19	24	23	17	30	8	8	16	25	25	16	17
15	31	36	23	1	25	27	5	15	22	23	34	11	27	15	25	10	21	19	10	21	36	18	17	30	7	19	26	12	17	23	19	9	35	10	3	20	26	12	28	30	32	17	20	19	5	6	22	34	18	16	25	32	2	35	14	34	11	35	5	15	20	33	28	36	17	7	37	24	22	28	20	28	14	14	35	17	13	13	24	31	25	0	29	20	18	34	24	32	11	2	3	13	15	33	18	25	17	22	30	22
17	23	12	11	28	16	4	24	34	34	7	11	18	14	24	12	29	35	20	34	17	22	34	12	22	30	10	15	19	12	11	34	24	22	19	26	11	12	17	13	2	24	35	9	34	24	33	13	22	26	33	4	20	27	8	15	13	22	15	24	16	25	20	13	8	12	22	13	10	7	14	9	7	15	15	11	14	25	17	11	5	5	29	0	35	31	21	15	12	22	27	26	21	26	13	11	11	21	20	19	20
19	13	43	25	20	32	34	19	5	2	29	41	23	34	12	25	10	1	15	11	19	16	3	23	14	14	25	33	25	24	30	2	12	15	17	21	25	33	19	35	37	12	4	27	1	22	15	22	14	10	4	31	15	19	42	20	40	28	42	19	22	11	16	34	43	24	20	44	31	28	21	27	34	20	21	41	22	11	19	30	38	32	20	35	0	4	16	20	39	13	22	18	15	32	40	24	32	27	29	16	15
15	14	39	21	17	28	30	17	3	5	25	37	21	30	8	21	8	4	11	8	15	19	3	19	13	11	21	29	23	20	26	3	9	18	13	19	21	29	15	31	33	15	4	23	3	19	12	18	16	6	2	27	15	16	38	16	36	25	38	16	19	7	15	30	39	20	18	40	27	24	17	23	30	16	18	37	18	7	15	26	34	28	18	31	4	0	17	16	35	9	19	15	11	29	36	20	28	24	25	12	11
19	4	27	12	34	36	24	33	19	15	14	25	37	34	19	9	24	16	16	25	14	2	17	23	4	28	17	35	39	27	32	16	26	1	26	35	14	32	29	33	21	5	18	21	15	36	29	13	3	17	18	21	3	33	26	31	24	42	26	33	36	15	2	34	27	31	34	28	30	18	7	24	18	24	34	25	18	22	21	31	25	16	34	21	16	17	0	11	23	23	36	32	22	46	24	19	31	41	41	5	13
9	8	23	5	23	25	14	23	19	19	9	21	27	24	9	5	14	20	5	19	3	13	19	13	7	17	7	24	29	16	21	19	15	12	15	25	5	21	18	22	17	9	20	10	19	25	18	2	10	11	18	11	9	22	22	20	20	31	22	22	25	10	9	23	23	20	24	24	20	8	5	14	14	14	24	21	7	11	11	20	18	12	24	15	20	16	11	0	19	13	25	21	11	35	20	8	21	30	30	6	5
20	26	4	14	31	27	15	28	37	37	10	3	28	25	27	14	32	38	24	38	20	23	38	16	25	33	14	26	30	18	23	37	27	24	22	30	14	23	20	24	12	27	39	12	38	27	36	17	25	29	36	12	24	30	4	22	2	33	4	27	27	28	23	25	16	22	25	5	21	11	18	15	5	19	25	3	17	28	20	22	16	7	32	12	39	35	23	19	0	26	30	29	24	37	1	15	22	32	32	23	24
6	20	30	12	11	19	21	10	12	12	16	28	14	21	4	14	7	13	8	12	10	25	12	10	19	8	12	20	16	11	17	12	3	24	4	12	12	20	6	22	24	21	13	14	12	13	11	11	23	7	11	18	21	10	29	8	27	19	29	10	13	9	22	21	30	11	11	31	18	15	17	14	21	7	11	28	9	3	6	17	25	19	11	22	13	9	23	13	26	0	13	9	2	23	27	11	19	18	18	19	11
17	33	34	25	3	24	25	3	17	24	22	33	10	25	17	27	12	23	20	12	23	38	20	15	32	8	19	25	10	16	21	20	10	37	10	1	22	24	11	27	29	34	19	19	21	4	8	23	35	20	18	23	34	4	34	12	32	9	34	4	14	22	34	26	34	15	5	35	23	20	30	19	26	12	13	33	18	14	15	22	30	24	2	27	22	19	36	25	30	13	0	5	15	14	31	17	24	15	20	31	24
13	28	33	20	2	23	24	2	13	19	20	32	9	24	13	23	8	18	16	9	18	33	15	14	28	4	16	24	9	15	20	16	6	33	7	4	18	23	10	26	28	29	14	18	17	5	7	19	31	15	14	22	29	1	33	11	31	11	33	3	13	17	30	25	33	14	4	34	22	19	25	18	25	11	12	32	14	10	11	21	29	23	3	26	18	15	32	21	29	9	5	0	10	15	30	15	23	14	19	27	19
4	18	28	10	12	17	19	12	13	13	15	26	16	19	3	13	8	14	6	14	8	23	14	9	18	9	11	18	18	9	15	13	5	23	5	14	10	18	8	20	22	19	15	12	14	15	13	9	21	5	12	17	19	11	27	10	26	21	27	11	15	7	20	20	28	10	13	29	16	14	15	12	20	6	13	27	7	5	4	16	23	17	13	21	15	11	22	11	24	2	15	10	0	25	25	10	17	20	19	17	9
27	43	38	35	15	10	22	13	27	34	32	36	9	12	27	37	22	33	30	22	33	48	30	23	42	18	29	11	7	20	15	30	20	47	20	13	32	14	17	13	25	44	29	25	31	10	20	33	45	30	28	26	44	14	34	15	39	5	40	14	10	32	44	13	21	15	12	39	16	28	40	22	33	22	12	36	28	24	25	15	21	30	15	26	32	29	46	35	37	23	14	15	25	0	38	27	15	5	7	41	34
21	27	3	15	32	28	16	29	38	38	11	2	29	26	28	15	33	39	25	39	21	24	39	17	26	34	15	27	31	19	24	38	28	25	23	31	15	24	21	25	13	28	40	13	39	28	37	18	26	30	37	13	25	31	5	23	1	34	3	28	28	29	24	26	17	23	26	4	22	12	19	16	6	20	26	2	18	29	21	23	17	8	33	13	40	36	24	20	1	27	31	30	25	38	0	16	23	33	33	24	25
6	16	19	8	17	17	10	15	23	23	5	17	19	16	13	10	18	24	9	23	6	21	23	5	15	19	2	16	21	8	13	23	13	20	8	17	5	13	10	14	13	17	24	3	23	17	22	6	18	15	22	7	17	16	18	12	16	23	18	14	17	14	17	15	19	12	16	20	12	4	13	6	10	6	16	17	3	14	6	12	14	8	18	11	24	20	19	8	15	11	17	15	10	27	16	0	13	22	22	14	9
14	28	23	20	25	5	7	21	30	30	18	21	14	3	20	22	25	31	17	31	18	33	31	9	27	26	14	4	14	8	3	30	20	32	16	23	17	1	13	3	11	29	32	11	31	20	30	19	31	22	29	11	29	24	19	12	24	15	26	20	10	22	30	3	11	9	19	24	1	13	25	7	18	12	11	22	14	22	14	2	6	16	25	11	32	28	31	21	22	19	24	23	17	15	23	13	0	10	10	27	19
22	38	33	30	16	9	17	13	22	29	27	31	6	10	22	32	17	28	25	23	28	43	25	18	37	18	24	10	5	15	10	25	15	42	15	15	27	9	12	12	20	39	24	20	26	12	21	28	40	25	23	21	39	15	29	10	34	7	35	12	5	27	39	11	19	10	10	34	11	23	35	17	28	17	7	31	23	19	20	10	16	25	17	21	27	24	41	30	32	18	15	14	20	5	33	22	10	0	5	36	29
22	37	32	29	21	5	17	18	27	28	27	31	11	7	22	32	22	28	25	28	27	42	28	18	37	23	24	6	10	14	9	27	17	42	15	20	27	9	12	8	20	38	29	20	28	17	26	28	40	24	26	20	38	20	28	10	33	12	35	17	7	26	39	7	16	10	15	33	11	23	34	17	27	17	8	31	23	19	20	10	16	25	22	20	29	25	41	30	32	18	20	19	19	7	33	22	10	5	0	36	28
15	4	27	9	29	31	20	29	15	15	13	25	33	30	15	9	20	16	11	20	9	7	15	19	3	23	13	30	35	22	27	15	21	6	21	31	10	27	24	28	21	5	16	16	15	31	24	8	4	12	14	16	3	28	26	26	24	37	26	28	31	10	3	29	27	26	30	28	26	14	5	20	18	20	30	25	13	17	17	26	22	16	30	19	16	12	5	6	23	19	31	27	17	41	24	14	27	36	36	0	8
7	9	28	10	21	24	19	21	14	14	14	26	25	22	7	10	12	15	4	14	4	14	14	11	9	16	10	23	27	14	19	14	14	14	14	23	10	20	17	21	22	10	15	12	14	24	16	7	12	6	13	16	10	20	27	19	25	30	27	20	24	5	11	21	28	19	22	29	18	13	6	12	19	12	22	26	7	10	9	19	23	17	22	20	15	11	13	5	24	11	24	19	9	34	25	9	19	29	28	8	0
