100
25
25
125
1
2
1000
5
60
65
10
0.67
0.8
15
1
100

0	14.08	13.94	19.84	44.64	26.31	23.3	13.23	48.61	23.45	43.03	32.77	22.07	44.5	40.36	26.03	41.67	45.45	24.43	20.18	31.93	45.61	36.65	22.11	38.13	47.94	1.36	1.35	0.78	0.18	0.45	0.23	1.16	0.02	2.29	1.61	0	0.08	0.52	1.14	0.32	0.02	1.82	0.89	1.95	1.09	1.09	0.12	0.12	0.23	1.49	0.6	2.1	2.14	2.41	1.22	0.55	0.57	1.34	1.91	0.87	1.15	1.6	2.29	0.4	1.79	1.44	1.08	2.21	0.98	0.45	1.58	1.56	0.82	2.01	2.5	2.45	0.32	0.58	0.06	1.52	0.28	1.02	2.21	1.37	0.92	0.52	1.1	2.39	0.31	1.18	2.14	0.11	1.73	2.45	0.71	0.33	1.71	2.27	1.53	2.25

0	0.25	0.25	0.25	0.25	0.25	0.25	0.25	0.25	0.25	0.25	0.25	0.25	0.25	0.25	0.25	0.25	0.25	0.25	0.25	0.25	0.25	0.25	0.25	0.25	0.25	0.08	0.08	0.08	0.08	0.08	0.08	0.08	0.08	0.08	0.08	0.08	0.08	0.08	0.08	0.08	0.08	0.08	0.08	0.08	0.08	0.08	0.08	0.08	0.08	0.08	0.08	0.08	0.08	0.08	0.08	0.08	0.08	0.08	0.08	0.08	0.08	0.08	0.08	0.08	0.08	0.08	0.08	0.08	0.08	0.08	0.08	0.08	0.08	0.08	0.08	0.08	0.08	0.08	0.08	0.08	0.08	0.08	0.08	0.08	0.08	0.08	0.08	0.08	0.08	0.08	0.08	0.08	0.08	0.08	0.08	0.08	0.08	0.08	0.08	0.08

0	5.85	1.85	0.7	2.55	6.35	2.75	1	1.9	6	1.95	2.85	3.1	5.55	6.4	3	5.25	3.4	2.6	1.35	2.9	1.65	3.85	1	2.6	1.45	3.6	6.05	2.7	2.75	1.4	4.5	2.4	2.7	4.3	2.5	2.6	2	2.95	1.8	2.5	6.25	2.1	2.6	2.8	1.75	0.55	2.55	4.4	3.95	5.2	1.65	5	1.8	2.3	0.95	5.05	3.7	1.2	3.3	6.85	5.65	3.05	2.15	2.85	3.25	5.6	3.55	2.1	3	2.45	3.45	4.6	2.75	3	1.3	5.25	3.8	4.75	2.75	2.25	0.45	5.8	1.85	3.95	7.55	3.45	4.1	4.9	1.5	2.8	1.85	1.75	3.45	2.6	4.85	4	1.6	3.1	1.95	5

12	8.4	7.3	7.75	8	9	8.2	4.2	5.45	9.2	8.05	7.7	7.95	8.1	9.7	10.5	7.7	7.05	5.55	5.05	5.75	7.6	6.3	6.95	5.35	7.9	9.65	8.6	9.2	6	7.05	8.85	8.25	7.65	6.65	5.5	7.95	5.65	5.7	9.55	7.45	9.55	7.15	9	9.1	7.4	7	8.9	10.05	7.9	7.85	8.3	7.55	4.85	8.15	4.35	7.3	6.35	6.95	10.5	10.1	8.2	9.25	9.3	8.6	5.9	7.85	9.65	6.25	9.45	5.4	6.3	10.15	5.3	5.85	4.35	8.85	6.35	10.7	7.9	8.2	6.7	8.75	7.4	6.2	10.6	5.9	6.95	7.85	4.55	7.75	8.85	5.85	10.4	5.6	11.1	6.05	4.85	9.55	5.4	10.85

0	17	10	7	15	9	16	10	15	16	16	7	13	13	13	8	25	18	15	13	14	14	15	9	10	14	17	7	17	24	11	14	15	18	7	21	23	19	17	17	19	17	20	22	22	16	5	24	9	14	16	15	20	12	13	8	18	2	8	9	12	19	21	20	24	16	23	17	20	15	13	15	5	7	27	7	24	17	7	12	16	4	23	18	17	6	17	12	18	6	19	18	14	8	22	4	6	15	17	19	4
17	0	27	15	32	9	16	17	31	31	33	24	20	28	29	12	32	35	32	10	30	31	32	22	14	20	34	11	34	31	18	30	5	22	13	28	30	12	34	4	2	10	26	38	39	1	22	30	19	29	23	2	27	29	26	24	11	19	20	14	22	5	4	4	30	26	40	14	37	32	29	22	21	10	44	24	31	24	17	29	33	19	29	4	31	17	17	29	14	21	15	13	30	13	29	16	11	15	34	25	14
10	27	0	12	6	18	16	11	12	16	10	7	13	12	11	15	25	9	15	23	14	8	6	8	20	13	7	16	13	24	15	7	24	18	15	21	23	19	11	27	28	17	19	12	12	26	5	23	8	13	16	25	20	2	13	5	18	8	9	13	12	29	31	30	23	17	13	17	11	12	10	15	6	17	17	3	24	17	10	12	14	8	22	27	16	10	17	5	18	6	19	18	11	18	22	11	16	15	7	18	13
7	15	12	0	17	7	23	3	18	17	18	14	6	13	15	15	19	20	17	11	15	16	17	7	8	7	19	5	19	18	4	16	13	24	3	15	16	25	19	15	17	24	13	24	24	14	7	17	4	14	9	13	14	14	20	10	25	7	15	16	19	17	19	18	17	23	25	24	22	19	16	9	6	10	29	9	18	10	14	14	18	11	16	16	16	2	24	14	24	12	25	24	17	6	15	4	7	21	19	12	10
15	32	6	17	0	24	16	16	6	21	5	9	18	18	16	20	30	5	20	28	19	3	8	14	25	19	9	22	19	29	21	2	30	13	20	26	28	20	5	32	34	22	25	15	10	31	10	29	14	19	21	30	25	7	8	11	21	13	13	18	10	34	36	35	29	11	8	19	5	7	4	20	11	22	12	9	29	22	15	17	20	13	28	33	22	16	15	10	18	11	17	19	5	23	27	17	21	18	2	24	19
9	9	18	7	24	0	18	8	23	23	25	15	11	20	21	10	24	27	24	5	21	23	24	14	5	12	25	2	25	23	9	22	6	19	5	20	21	20	25	9	10	19	18	30	30	8	14	22	10	21	14	7	19	20	17	16	20	11	11	11	14	11	13	12	22	18	31	19	29	24	21	14	13	5	35	15	23	15	9	20	24	11	21	9	22	8	19	20	19	13	20	19	22	5	20	7	3	16	25	17	5
16	16	16	23	16	18	0	26	16	32	17	9	29	28	27	8	41	19	31	19	30	15	18	24	23	29	19	20	29	40	27	15	14	7	22	37	39	4	18	16	18	6	35	26	23	15	18	39	24	29	32	14	36	18	10	21	5	16	8	7	6	18	20	19	39	11	24	3	21	16	14	31	21	13	28	14	40	33	9	28	30	12	38	17	32	22	1	21	2	11	3	3	15	22	38	19	16	2	18	34	13
10	17	11	3	16	8	26	0	21	16	19	17	3	12	14	18	16	19	16	12	14	17	16	6	9	4	18	6	18	15	5	17	14	27	4	12	13	28	20	16	18	27	10	23	23	16	8	14	3	13	6	15	11	13	23	9	28	10	18	19	22	18	20	19	14	26	24	27	21	22	19	6	5	13	28	12	15	7	17	13	17	14	13	17	15	4	27	13	27	15	28	27	20	7	12	7	10	24	18	9	13
15	31	12	18	6	23	16	21	0	27	2	8	24	24	22	19	36	11	26	27	25	4	14	20	25	25	15	21	25	35	22	5	29	9	20	32	34	20	3	31	33	21	31	21	16	30	13	35	20	25	27	30	31	13	6	17	20	13	12	17	10	34	35	35	35	5	10	18	11	1	2	26	16	21	15	9	35	28	15	23	26	12	34	32	28	17	15	16	17	11	16	19	1	22	33	16	20	17	5	30	18
16	31	16	17	21	23	32	16	27	0	25	23	13	4	5	24	26	17	1	27	2	23	14	10	25	18	13	21	3	25	20	23	29	33	20	26	24	34	26	31	33	33	9	7	11	30	14	21	13	3	20	30	25	14	29	11	34	16	24	25	28	34	35	35	28	32	17	33	16	28	25	10	11	21	13	18	9	13	23	4	2	20	24	32	1	15	33	11	33	21	34	33	26	22	26	16	20	30	23	13	19
16	33	10	18	5	25	17	19	2	25	0	10	22	22	21	21	35	9	25	29	24	2	12	18	26	23	13	23	23	34	22	3	31	11	21	31	32	21	1	33	35	23	29	20	15	32	11	33	18	23	25	31	30	11	8	15	22	14	14	19	11	35	37	36	33	7	8	20	10	3	4	25	14	23	13	10	34	26	16	21	24	14	32	34	26	17	16	15	19	12	18	20	3	24	31	18	22	19	3	28	20
7	24	7	14	9	15	9	17	8	23	10	0	20	19	18	12	32	12	22	20	21	8	9	15	17	20	10	13	20	31	18	7	21	11	13	28	30	12	10	24	25	14	26	17	15	23	9	30	15	20	23	22	27	9	6	12	13	7	4	10	5	26	28	27	30	10	16	10	14	9	6	22	12	14	20	5	31	24	7	19	21	5	29	24	23	13	10	12	11	3	12	11	7	15	29	10	13	9	10	25	10
13	20	13	6	18	11	29	3	24	13	22	20	0	10	11	21	13	17	14	14	12	20	14	5	12	5	16	9	16	12	7	20	16	30	7	13	11	31	23	18	20	30	7	20	21	19	11	11	5	11	7	18	12	11	26	8	31	13	21	22	25	21	22	22	15	29	22	30	19	25	22	4	8	16	26	15	12	4	20	11	15	17	11	19	13	7	30	11	30	18	31	30	23	9	13	10	13	27	20	6	16
13	28	12	13	18	20	28	12	24	4	22	19	10	0	2	21	23	13	4	24	2	20	10	6	21	15	9	18	6	22	17	19	26	30	16	22	21	31	23	28	30	29	7	11	11	27	11	18	10	1	17	26	21	11	25	7	30	13	21	21	24	30	32	31	25	29	14	29	13	24	22	6	8	18	16	15	12	10	19	1	5	16	20	29	4	12	29	8	30	18	31	30	23	19	23	13	17	27	19	10	16
13	29	11	15	16	21	27	14	22	5	21	18	11	2	0	19	24	12	4	25	3	19	9	8	23	16	8	19	5	23	18	18	27	29	18	24	22	30	21	29	31	28	9	9	10	28	10	19	11	3	18	28	23	10	24	6	29	11	19	20	23	32	33	33	26	27	13	28	11	23	20	8	9	19	15	13	13	11	18	1	4	15	22	30	6	13	28	6	29	17	30	29	21	20	24	14	18	26	18	11	16
8	12	15	15	20	10	8	18	19	24	21	12	21	21	19	0	33	23	23	11	22	19	20	17	15	22	22	12	22	32	19	18	10	10	15	29	31	11	22	12	14	9	28	26	27	11	10	32	17	22	24	11	28	17	14	14	10	8	8	2	10	15	16	16	32	14	28	9	25	20	17	23	13	5	32	12	32	25	5	20	23	7	31	13	25	14	9	17	10	9	11	10	18	15	30	12	9	7	22	27	5
25	32	25	19	30	24	41	16	36	26	35	32	13	23	24	33	0	30	27	23	25	33	27	17	19	12	29	22	29	1	15	32	28	43	19	4	3	44	35	29	30	42	18	33	34	31	24	5	17	24	10	30	5	24	38	20	43	25	33	34	37	28	28	29	2	41	35	42	32	37	34	17	21	29	39	27	18	13	32	24	28	29	3	28	26	20	42	24	43	31	44	43	35	19	4	22	25	40	32	14	29
18	35	9	20	5	27	19	19	11	17	9	12	17	13	12	23	30	0	16	31	15	7	3	13	28	22	4	25	14	29	24	6	33	17	23	29	28	23	10	35	37	25	20	11	6	34	13	25	17	14	24	33	28	7	12	11	24	16	16	21	13	37	39	38	32	16	5	22	2	11	9	16	14	25	9	12	25	18	18	13	15	16	27	36	17	19	18	7	21	14	20	22	10	26	30	20	24	21	6	19	22
15	32	15	17	20	24	31	16	26	1	25	22	14	4	4	23	27	16	0	28	3	23	13	10	25	19	12	22	2	26	21	22	30	33	20	26	25	34	25	32	34	32	9	7	10	31	14	22	14	3	21	30	25	14	28	10	33	15	23	24	27	34	36	35	29	31	17	32	15	27	24	10	11	22	12	17	9	14	22	4	1	19	24	33	2	16	32	10	33	21	34	33	25	23	27	17	21	30	22	14	19
13	10	23	11	28	5	19	12	27	27	29	20	14	24	25	11	23	31	28	0	26	27	28	18	4	11	30	7	30	22	8	26	5	20	8	19	20	21	30	6	8	20	19	34	35	9	18	21	15	25	13	8	18	25	22	20	21	15	16	12	18	7	8	8	21	22	36	20	33	28	25	18	17	6	40	20	22	14	13	25	29	15	20	6	27	13	20	25	20	17	21	20	26	5	19	12	7	17	30	16	10
14	30	14	15	19	21	30	14	25	2	24	21	12	2	3	22	25	15	3	26	0	22	12	8	23	16	11	19	4	24	18	21	27	32	18	24	22	33	24	30	31	31	7	9	9	29	13	20	11	1	19	28	23	13	27	9	32	14	22	23	26	32	34	33	26	30	16	31	14	26	23	8	10	20	14	16	10	12	21	3	3	18	22	30	3	13	31	9	32	20	33	32	24	21	25	14	19	29	21	11	18
14	31	8	16	3	23	15	17	4	23	2	8	20	20	19	19	33	7	23	27	22	0	10	16	24	21	11	21	21	32	20	1	29	10	19	29	30	19	3	31	33	21	27	18	13	30	9	31	16	21	23	29	28	9	6	13	20	12	12	17	9	33	35	34	31	9	9	18	8	5	2	23	12	21	13	8	32	24	14	19	22	12	30	32	24	15	14	13	17	10	16	18	3	22	29	16	20	17	3	26	18
15	32	6	17	8	24	18	16	14	14	12	9	14	10	9	20	27	3	13	28	12	10	0	10	25	19	2	22	11	26	21	9	30	20	20	26	25	21	13	32	34	22	17	8	7	31	10	22	14	11	21	30	25	4	15	8	21	13	13	18	14	34	36	35	29	19	8	19	5	14	12	13	11	22	12	9	22	15	15	10	12	13	24	33	14	16	19	4	20	11	21	20	13	23	27	17	21	18	9	16	19
9	22	8	7	14	14	24	6	20	10	18	15	5	6	8	17	17	13	10	18	8	16	10	0	15	9	12	12	12	16	11	15	20	26	10	16	15	27	19	22	24	25	11	17	17	21	7	15	4	7	11	20	15	7	21	3	26	9	17	17	20	24	26	25	19	25	18	25	15	20	18	7	4	12	22	11	16	9	15	7	11	12	14	23	9	6	25	7	26	14	27	26	19	13	17	7	11	23	15	10	12
10	14	20	8	25	5	23	9	25	25	26	17	12	21	23	15	19	28	25	4	23	24	25	15	0	7	27	4	27	18	5	24	9	24	5	15	16	25	27	10	12	24	16	32	32	13	15	17	12	22	9	12	14	22	20	18	25	12	15	16	19	9	11	10	17	23	33	24	30	25	23	15	14	10	37	17	18	12	14	22	26	13	16	10	24	10	24	22	24	14	25	24	24	3	15	9	7	21	27	12	10
14	20	13	7	19	12	29	4	25	18	23	20	5	15	16	22	12	22	19	11	16	21	19	9	7	0	20	10	20	11	3	20	16	31	7	8	10	32	24	17	19	30	10	25	25	19	12	10	5	16	3	19	7	15	26	11	31	14	22	22	25	16	18	17	10	30	26	30	24	25	23	9	9	17	30	16	11	5	20	15	19	17	9	16	17	8	30	15	31	19	32	31	24	7	9	10	13	28	20	5	17
17	34	7	19	9	25	19	18	15	13	13	10	16	9	8	22	29	4	12	30	11	11	2	12	27	20	0	23	10	28	22	10	31	21	22	28	26	22	14	34	35	24	16	7	5	33	12	24	15	10	23	32	27	5	16	10	23	15	14	20	15	36	38	37	30	20	6	20	4	15	13	12	13	24	10	10	21	16	17	9	11	15	26	34	13	17	20	5	21	13	22	21	14	25	29	18	23	19	10	15	20
7	11	16	5	22	2	20	6	21	21	23	13	9	18	19	12	22	25	22	7	19	21	22	12	4	10	23	0	23	21	7	20	8	21	3	18	19	22	23	11	12	21	16	28	28	10	12	20	8	19	12	9	17	18	17	14	22	9	12	13	16	13	15	14	20	20	29	21	27	22	19	12	11	7	33	13	21	13	11	18	22	9	19	11	20	6	21	18	21	11	22	21	20	3	18	5	4	18	23	15	7
17	34	13	19	19	25	29	18	25	3	23	20	16	6	5	22	29	14	2	30	4	21	11	12	27	20	10	23	0	28	22	20	31	31	22	28	26	32	24	34	35	30	11	5	9	33	12	24	15	5	23	32	27	12	26	10	31	15	22	22	25	36	38	37	30	30	15	30	14	25	23	12	13	24	10	16	11	16	20	5	1	17	26	34	3	17	30	9	31	19	32	31	24	25	29	18	23	28	20	15	20
24	31	24	18	29	23	40	15	35	25	34	31	12	22	23	32	1	29	26	22	24	32	26	16	18	11	28	21	28	0	14	31	27	42	18	3	2	43	34	28	29	41	17	32	33	30	23	4	16	23	9	29	4	23	37	19	42	24	32	33	36	27	27	28	3	40	34	41	31	36	33	16	20	28	38	26	17	12	31	23	27	28	2	27	25	19	41	23	42	30	43	42	34	18	3	21	24	39	31	13	28
11	18	15	4	21	9	27	5	22	20	22	18	7	17	18	19	15	24	21	8	18	20	21	11	5	3	22	7	22	14	0	19	13	28	5	11	12	29	22	14	16	28	12	27	27	17	11	13	7	18	5	16	10	17	24	13	29	11	19	20	23	14	16	15	13	27	28	28	26	23	20	11	10	14	32	13	14	7	18	17	21	15	12	14	19	5	28	17	28	16	29	28	21	5	11	8	11	25	22	8	14
14	30	7	16	2	22	15	17	5	23	3	7	20	19	18	18	32	6	22	26	21	1	9	15	24	20	10	20	20	31	19	0	28	11	19	28	30	19	4	30	32	20	26	17	12	29	9	30	15	20	23	29	27	9	6	12	19	12	11	16	9	33	34	34	30	10	10	17	7	5	3	22	12	20	14	7	31	24	14	19	21	11	29	31	23	14	14	12	16	10	15	18	4	21	29	15	19	16	4	25	17
15	5	24	13	30	6	14	14	29	29	31	21	16	26	27	10	28	33	30	5	27	29	30	20	9	16	31	8	31	27	13	28	0	20	10	24	25	16	31	3	4	15	22	36	36	4	20	26	16	27	18	3	23	26	23	22	16	17	17	12	20	5	7	6	26	24	37	15	35	30	27	20	19	8	41	21	27	19	15	26	30	17	25	3	28	14	15	26	15	19	16	15	28	9	24	13	9	12	31	21	11
18	22	18	24	13	19	7	27	9	33	11	11	30	30	29	10	43	17	33	20	32	10	20	26	24	31	21	21	31	42	28	11	20	0	24	39	40	11	12	22	24	12	37	28	23	21	19	41	26	31	33	21	38	19	5	23	11	18	10	9	6	25	26	26	41	4	18	9	18	10	9	33	22	14	22	16	42	34	11	29	32	14	40	23	34	23	6	23	8	12	7	10	8	24	39	21	18	8	12	36	14
7	13	15	3	20	5	22	4	20	20	21	13	7	16	18	15	19	23	20	8	18	19	20	10	5	7	22	3	22	18	5	19	10	24	0	15	17	25	22	12	14	23	13	27	27	12	10	17	7	17	10	12	14	17	19	13	24	7	15	15	18	14	16	15	17	23	28	23	25	20	18	10	9	10	32	12	18	11	13	17	21	10	16	13	19	5	23	17	24	12	25	24	19	3	16	4	6	21	22	12	10
21	28	21	15	26	20	37	12	32	26	31	28	13	22	24	29	4	29	26	19	24	29	26	16	15	8	28	18	28	3	11	28	24	39	15	0	2	40	31	25	26	38	17	33	33	27	20	5	13	23	6	26	1	23	34	19	39	21	29	30	33	24	24	25	3	37	34	38	31	33	30	16	17	25	38	23	17	13	28	23	27	25	2	24	25	16	38	23	39	27	40	39	31	15	1	18	21	36	28	13	25
23	30	23	16	28	21	39	13	34	24	32	30	11	21	22	31	3	28	25	20	22	30	25	15	16	10	26	19	26	2	12	30	25	40	17	2	0	41	33	26	28	40	16	31	31	29	21	3	15	22	7	28	3	21	36	18	41	23	31	32	35	25	26	26	4	39	32	40	30	35	32	15	18	26	36	25	16	11	30	21	25	27	1	26	23	17	40	21	40	28	41	40	33	17	3	20	23	37	30	11	26
19	12	19	25	20	20	4	28	20	34	21	12	31	31	30	11	44	23	34	21	33	19	21	27	25	32	22	22	32	43	29	19	16	11	25	40	41	0	22	15	14	2	38	29	27	13	20	42	27	32	34	14	39	20	14	24	1	19	11	10	10	16	16	15	42	15	28	2	25	20	18	34	23	15	32	17	43	35	12	30	33	15	41	16	35	24	5	24	3	13	4	1	19	25	40	22	19	4	22	37	15
17	34	11	19	5	25	18	20	3	26	1	10	23	23	21	22	35	10	25	30	24	3	13	19	27	24	14	23	24	34	22	4	31	12	22	31	33	22	0	34	35	24	30	20	15	33	12	34	19	24	26	32	30	12	8	16	23	15	14	20	12	36	38	37	34	8	9	20	10	2	5	25	15	24	14	10	34	27	17	22	25	15	33	34	27	17	17	15	20	13	19	21	4	25	32	18	23	19	4	29	20
17	4	27	15	32	9	16	16	31	31	33	24	18	28	29	12	29	35	32	6	30	31	32	22	10	17	34	11	34	28	14	30	3	22	12	25	26	15	34	0	2	14	23	38	39	3	22	27	19	29	19	2	24	29	26	24	15	19	20	14	22	3	4	4	27	26	40	14	37	32	29	22	21	10	44	24	28	20	17	29	33	19	26	1	31	17	17	29	14	21	15	14	30	10	25	16	11	15	34	22	14
19	2	28	17	34	10	18	18	33	33	35	25	20	30	31	14	30	37	34	8	31	33	34	24	12	19	35	12	35	29	16	32	4	24	14	26	28	14	35	2	0	12	25	40	40	3	24	29	20	31	21	4	25	30	27	26	13	21	21	16	24	3	3	2	29	28	41	15	39	34	31	24	23	12	45	25	29	22	19	30	34	21	28	3	32	18	19	30	16	23	17	15	32	12	27	17	13	16	35	24	15
17	10	17	24	22	19	6	27	21	33	23	14	30	29	28	9	42	25	32	20	31	21	22	25	24	30	24	21	30	41	28	20	15	12	23	38	40	2	24	14	12	0	36	28	29	11	19	40	25	30	33	12	37	19	16	22	1	17	10	8	12	15	14	14	40	16	30	4	27	22	19	32	22	14	34	15	41	34	10	29	31	13	39	14	33	23	7	22	4	12	5	3	20	23	39	20	17	5	24	35	14
20	26	19	13	25	18	35	10	31	9	29	26	7	7	9	28	18	20	9	19	7	27	17	11	16	10	16	16	11	17	12	26	22	37	13	17	16	38	30	23	25	36	0	16	16	25	18	13	11	6	12	25	16	18	32	14	37	20	28	28	31	25	27	26	20	36	21	36	20	31	29	5	15	23	21	22	5	5	26	8	10	23	15	24	8	14	36	15	37	25	38	37	30	14	18	16	19	34	26	5	23
22	38	12	24	15	30	26	23	21	7	20	17	20	11	9	26	33	11	7	34	9	18	8	17	32	25	7	28	5	32	27	17	36	28	27	33	31	29	20	38	40	28	16	0	5	37	17	28	20	10	27	37	32	10	23	14	28	20	19	24	22	41	42	42	35	26	12	27	10	22	19	17	18	28	7	15	16	20	22	10	6	19	31	39	8	22	27	10	28	18	29	28	20	29	33	23	27	25	17	20	25
22	39	12	24	10	30	23	23	16	11	15	15	21	11	10	27	34	6	10	35	9	13	7	17	32	25	5	28	9	33	27	12	36	23	27	33	31	27	15	39	40	29	16	5	0	38	17	29	20	10	28	37	32	10	18	15	28	20	19	25	17	41	43	42	35	21	7	25	5	17	14	17	18	29	5	15	19	21	22	10	10	20	31	39	12	22	22	10	25	18	24	26	15	30	34	23	28	24	12	20	25
16	1	26	14	31	8	15	16	30	30	32	23	19	27	28	11	31	34	31	9	29	30	31	21	13	19	33	10	33	30	17	29	4	21	12	27	29	13	33	3	3	11	25	37	38	0	21	29	18	28	22	1	26	28	25	23	12	18	19	13	21	4	5	5	29	25	39	13	36	31	28	21	20	9	43	23	30	23	16	28	32	18	28	3	30	16	16	28	13	20	14	12	29	12	28	15	10	14	33	24	13
5	22	5	7	10	14	18	8	13	14	11	9	11	11	10	10	24	13	14	18	13	9	10	7	15	12	12	12	12	23	11	9	20	19	10	20	21	20	12	22	24	19	18	17	17	21	0	22	7	12	14	20	19	7	15	4	20	3	10	11	14	24	26	25	22	18	18	19	15	14	11	14	3	12	22	4	23	15	9	10	13	6	21	23	15	6	19	7	19	7	20	19	12	13	20	7	11	16	12	17	9
24	30	23	17	29	22	39	14	35	21	33	30	11	18	19	32	5	25	22	21	20	31	22	15	17	10	24	20	24	4	13	30	26	41	17	5	3	42	34	27	29	40	13	28	29	29	22	0	15	19	8	29	4	22	36	18	41	24	32	32	35	26	26	27	7	40	30	40	27	35	33	12	19	27	34	26	13	8	30	19	23	27	3	26	21	18	40	19	41	29	42	41	34	17	5	20	23	38	30	9	27
9	19	8	4	14	10	24	3	20	13	18	15	5	10	11	17	17	17	14	15	11	16	14	4	12	5	15	8	15	16	7	15	16	26	7	13	15	27	19	19	20	25	11	20	20	18	7	15	0	11	8	17	12	10	21	6	26	9	17	17	20	21	23	22	15	25	21	25	19	20	18	7	4	12	25	11	16	9	15	10	14	12	14	19	12	3	25	10	26	14	27	26	19	10	14	5	8	23	15	10	12
14	29	13	14	19	21	29	13	25	3	23	20	11	1	3	22	24	14	3	25	1	21	11	7	22	16	10	19	5	23	18	20	27	31	17	23	22	32	24	29	31	30	6	10	10	28	12	19	11	0	18	27	22	12	26	8	31	14	22	22	25	31	33	32	26	30	15	30	14	25	23	7	9	19	15	16	11	11	20	2	4	17	21	30	3	13	30	9	31	19	32	31	24	20	24	14	18	28	20	11	17
16	23	16	9	21	14	32	6	27	20	25	23	7	17	18	24	10	24	21	13	19	23	21	11	9	3	23	12	23	9	5	23	18	33	10	6	7	34	26	19	21	33	12	27	28	22	14	8	8	18	0	21	5	18	29	13	34	16	24	25	28	18	19	19	8	32	29	33	26	28	25	11	11	19	33	18	12	7	23	18	22	20	7	19	20	10	33	18	33	21	34	33	26	10	6	13	16	30	23	8	19
15	2	25	13	30	7	14	15	30	30	31	22	18	26	28	11	30	33	30	8	28	29	30	20	12	19	32	9	32	29	16	29	3	21	12	26	28	14	32	2	4	12	25	37	37	1	20	29	17	27	21	0	25	27	24	23	13	17	18	13	20	4	6	5	29	25	38	12	35	30	28	20	19	9	42	22	29	22	15	27	31	18	28	3	29	15	15	27	13	19	14	13	29	12	27	14	10	13	32	24	12
20	27	20	14	25	19	36	11	31	25	30	27	12	21	23	28	5	28	25	18	23	28	25	15	14	7	27	17	27	4	10	27	23	38	14	1	3	39	30	24	25	37	16	32	32	26	19	4	12	22	5	25	0	22	33	18	38	20	28	29	32	23	23	24	4	36	33	37	30	32	29	15	16	24	37	22	16	12	27	22	26	24	3	23	24	15	37	22	38	26	39	38	30	14	2	17	20	35	27	12	24
12	29	2	14	7	20	18	13	13	14	11	9	11	11	10	17	24	7	14	25	13	9	4	7	22	15	5	18	12	23	17	9	26	19	17	23	21	20	12	29	30	19	18	10	10	28	7	22	10	12	18	27	22	0	15	5	20	10	10	15	14	31	33	32	25	18	11	19	9	14	11	14	8	19	15	5	23	15	12	10	13	10	21	29	15	12	19	4	19	8	20	19	12	20	24	13	18	16	9	17	15
13	26	13	20	8	17	10	23	6	29	8	6	26	25	24	14	38	12	28	22	27	6	15	21	20	26	16	17	26	37	24	6	23	5	19	34	36	14	8	26	27	16	32	23	18	25	15	36	21	26	29	24	33	15	0	18	15	13	6	12	4	28	30	29	36	4	14	12	13	7	4	28	18	16	18	11	37	30	9	25	27	9	35	26	29	19	9	18	12	8	11	13	5	19	35	16	15	11	8	31	12
8	24	5	10	11	16	21	9	17	11	15	12	8	7	6	14	20	11	10	20	9	13	8	3	18	11	10	14	10	19	13	12	22	23	13	19	18	24	16	24	26	22	14	14	15	23	4	18	6	8	13	23	18	5	18	0	23	6	14	14	17	27	28	28	21	22	16	22	13	17	15	10	4	14	20	8	19	12	12	7	9	9	17	25	11	8	22	5	23	11	24	23	16	15	19	9	13	20	12	13	11
18	11	18	25	21	20	5	28	20	34	22	13	31	30	29	10	43	24	33	21	32	20	21	26	25	31	23	22	31	42	29	19	16	11	24	39	41	1	23	15	13	1	37	28	28	12	20	41	26	31	34	13	38	20	15	23	0	18	10	9	11	16	15	15	41	15	29	3	26	21	18	33	23	15	33	16	42	35	11	30	32	14	40	15	34	24	6	23	3	13	4	2	19	24	40	21	18	4	23	36	15
2	19	8	7	13	11	16	10	13	16	14	7	13	13	11	8	25	16	15	15	14	12	13	9	12	14	15	9	15	24	11	12	17	18	7	21	23	19	15	19	21	17	20	20	20	18	3	24	9	14	16	17	20	10	13	6	18	0	8	9	12	21	23	22	24	16	21	17	18	13	11	15	5	9	25	5	24	17	7	12	15	4	23	20	17	6	17	10	18	6	19	18	12	10	22	4	8	15	15	19	6
8	20	9	15	13	11	8	18	12	24	14	4	21	21	19	8	33	16	23	16	22	12	13	17	15	22	14	12	22	32	19	11	17	10	15	29	31	11	14	20	21	10	28	19	19	19	10	32	17	22	24	18	28	10	6	14	10	8	0	6	4	22	24	23	32	8	20	9	18	13	10	23	13	10	24	6	32	25	3	20	23	5	31	20	25	14	9	13	10	3	11	10	11	15	30	12	9	7	14	27	6
9	14	13	16	18	11	7	19	17	25	19	10	22	21	20	2	34	21	24	12	23	17	18	17	16	22	20	13	22	33	20	16	12	9	15	30	32	10	20	14	16	8	28	24	25	13	11	32	17	22	25	13	29	15	12	14	9	9	6	0	8	17	18	18	32	12	26	8	23	18	15	24	14	6	30	10	33	26	3	21	23	5	31	15	25	15	8	15	9	7	10	9	16	15	31	12	9	6	20	27	6
12	22	12	19	10	14	6	22	10	28	11	5	25	24	23	10	37	13	27	18	26	9	14	20	19	25	15	16	25	36	23	9	20	6	18	33	35	10	12	22	24	12	31	22	17	21	14	35	20	25	28	20	32	14	4	17	11	12	4	8	0	24	26	25	35	5	18	9	15	10	8	27	17	12	22	10	36	29	5	24	26	8	34	23	28	18	5	17	8	7	7	9	9	18	34	15	12	8	12	30	9
19	5	29	17	34	11	18	18	34	34	35	26	21	30	32	15	28	37	34	7	32	33	34	24	9	16	36	13	36	27	14	33	5	25	14	24	25	16	36	3	3	15	25	41	41	4	24	26	21	31	18	4	23	31	28	27	16	21	22	17	24	0	2	1	26	29	42	16	39	34	32	24	23	13	46	26	27	21	19	31	35	22	25	2	33	19	19	31	17	23	18	15	33	12	24	18	14	17	36	21	16
21	4	31	19	36	13	20	20	35	35	37	28	22	32	33	16	28	39	36	8	34	35	36	26	11	18	38	15	38	27	16	34	7	26	16	24	26	16	38	4	3	14	27	42	43	5	26	26	23	33	19	6	23	33	30	28	15	23	24	18	26	2	0	1	26	30	44	18	41	36	33	26	25	14	48	28	27	22	21	33	37	23	25	4	35	21	21	33	18	25	19	17	34	13	25	20	15	19	38	23	18
20	4	30	18	35	12	19	19	35	35	36	27	22	31	33	16	29	38	35	8	33	34	35	25	10	17	37	14	37	28	15	34	6	26	15	25	26	15	37	4	2	14	26	42	42	5	25	27	22	32	19	5	24	32	29	28	15	22	23	18	25	1	1	0	27	30	43	17	40	35	33	25	24	14	47	27	28	22	20	32	36	23	26	3	34	20	20	32	18	24	19	16	34	13	25	19	15	18	37	22	17
24	30	23	17	29	22	39	14	35	28	33	30	15	25	26	32	2	32	29	21	26	31	29	19	17	10	30	20	30	3	13	30	26	41	17	3	4	42	34	27	29	40	20	35	35	29	22	7	15	26	8	29	4	25	36	21	41	24	32	32	35	26	26	27	0	40	36	40	34	35	33	19	19	27	40	26	20	15	30	25	29	27	5	26	27	18	40	25	41	29	42	41	34	17	2	20	23	38	30	15	27
16	26	17	23	11	18	11	26	5	32	7	10	29	29	27	14	41	16	31	22	30	9	19	25	23	30	20	20	30	40	27	10	24	4	23	37	39	15	8	26	28	16	36	26	21	25	18	40	25	30	32	25	36	18	4	22	15	16	8	12	5	29	30	30	40	0	15	13	16	6	7	31	21	16	20	14	40	33	10	28	31	13	39	27	33	22	10	21	12	11	11	14	6	23	38	20	17	12	10	35	13
23	40	13	25	8	31	24	24	10	17	8	16	22	14	13	28	35	5	17	36	16	9	8	18	33	26	6	29	15	34	28	10	37	18	28	34	32	28	9	40	41	30	21	12	7	39	18	30	21	15	29	38	33	11	14	16	29	21	20	26	18	42	44	43	36	15	0	26	3	11	11	18	19	30	5	16	26	22	23	13	16	21	32	40	18	23	23	11	26	19	25	27	10	31	35	24	29	25	6	21	26
17	14	17	24	19	19	3	27	18	33	20	10	30	29	28	9	42	22	32	20	31	18	19	25	24	30	20	21	30	41	28	17	15	9	23	38	40	2	20	14	15	4	36	27	25	13	19	40	25	30	33	12	37	19	12	22	3	17	9	8	9	16	18	17	40	13	26	0	24	19	16	32	22	14	30	15	41	34	10	29	31	13	39	14	33	23	4	22	1	12	2	1	17	23	39	20	17	3	20	35	14
20	37	11	22	5	29	21	21	11	16	10	14	19	13	11	25	32	2	15	33	14	8	5	15	30	24	4	27	14	31	26	7	35	18	25	31	30	25	10	37	39	27	20	10	5	36	15	27	19	14	26	35	30	9	13	13	26	18	18	23	15	39	41	40	34	16	3	24	0	12	9	15	16	27	7	14	24	19	20	12	15	18	29	38	17	21	20	9	23	16	22	24	10	28	32	22	26	23	7	19	24
15	32	12	19	7	24	16	22	1	28	3	9	25	24	23	20	37	11	27	28	26	5	14	20	25	25	15	22	25	36	23	5	30	10	20	33	35	20	2	32	34	22	31	22	17	31	14	35	20	25	28	30	32	14	7	17	21	13	13	18	10	34	36	35	35	6	11	19	12	0	3	27	17	22	15	10	36	29	15	24	26	13	34	33	28	18	15	17	18	11	17	19	2	23	34	17	21	18	5	30	19
13	29	10	16	4	21	14	19	2	25	4	6	22	22	20	17	34	9	24	25	23	2	12	18	23	23	13	19	23	33	20	3	27	9	18	30	32	18	5	29	31	19	29	19	14	28	11	33	18	23	25	28	29	11	4	15	18	11	10	15	8	32	33	33	33	7	11	16	9	3	0	24	14	19	15	7	33	26	13	21	24	10	32	30	26	15	13	14	15	9	14	17	1	20	31	14	18	15	5	28	16
15	22	15	9	20	14	31	6	26	10	25	22	4	6	8	23	17	16	10	18	8	23	13	7	15	9	12	12	12	16	11	22	20	33	10	16	15	34	25	22	24	32	5	17	17	21	14	12	7	7	11	20	15	14	28	10	33	15	23	24	27	24	26	25	19	31	18	32	15	27	24	0	11	19	22	17	9	4	22	7	11	19	14	23	9	10	32	10	33	21	34	33	25	13	17	12	15	30	22	4	19
5	21	6	6	11	13	21	5	16	11	14	12	8	8	9	13	21	14	11	17	10	12	11	4	14	9	13	11	13	20	10	12	19	22	9	17	18	23	15	21	23	22	15	18	18	20	3	19	4	9	11	19	16	8	18	4	23	5	13	14	17	23	25	24	19	21	19	22	16	17	14	11	0	11	23	7	20	12	12	8	12	9	18	22	12	5	22	8	22	10	23	22	15	12	17	6	10	19	13	14	8
7	10	17	10	22	5	13	13	21	21	23	14	16	18	19	5	29	25	22	6	20	21	22	12	10	17	24	7	24	28	14	20	8	14	10	25	26	15	24	10	12	14	23	28	29	9	12	27	12	19	19	9	24	19	16	14	15	9	10	6	12	13	14	14	27	16	30	14	27	22	19	19	11	0	34	14	28	20	7	19	23	9	26	11	21	9	14	19	14	11	15	14	20	10	25	7	4	11	24	22	4
27	44	17	29	12	35	28	28	15	13	13	20	26	16	15	32	39	9	12	40	14	13	12	22	37	30	10	33	10	38	32	14	41	22	32	38	36	32	14	44	45	34	21	7	5	43	22	34	25	15	33	42	37	15	18	20	33	25	24	30	22	46	48	47	40	20	5	30	7	15	15	22	23	34	0	20	21	26	27	15	11	25	36	44	13	27	27	15	30	23	29	31	14	35	39	28	33	29	10	25	30
7	24	3	9	9	15	14	12	9	18	10	5	15	15	13	12	27	12	17	20	16	8	9	11	17	16	10	13	16	26	13	7	21	16	12	23	25	17	10	24	25	15	22	15	15	23	4	26	11	16	18	22	22	5	11	8	16	5	6	10	10	26	28	27	26	14	16	15	14	10	7	17	7	14	20	0	26	19	7	14	17	5	25	24	19	8	15	7	16	4	17	16	8	15	24	8	13	13	10	21	10
24	31	24	18	29	23	40	15	35	9	34	31	12	12	13	32	18	25	9	22	10	32	22	16	18	11	21	21	11	17	14	31	27	42	18	17	16	43	34	28	29	41	5	16	19	30	23	13	16	11	12	29	16	23	37	19	42	24	32	33	36	27	27	28	20	40	26	41	24	36	33	9	20	28	21	26	0	8	31	13	10	28	15	27	8	19	41	19	42	30	43	42	34	18	18	21	24	39	31	6	28
17	24	17	10	22	15	33	7	28	13	26	24	4	10	11	25	13	18	14	14	12	24	15	9	12	5	16	13	16	12	7	24	19	34	11	13	11	35	27	20	22	34	5	20	21	23	15	8	9	11	7	22	12	15	30	12	35	17	25	26	29	21	22	22	15	33	22	34	19	29	26	4	12	20	26	19	8	0	24	11	15	21	11	20	13	11	34	12	34	22	35	34	27	11	13	14	17	31	24	2	20
7	17	10	14	15	9	9	17	15	23	16	7	20	19	18	5	32	18	22	13	21	14	15	15	14	20	17	11	20	31	18	14	15	11	13	28	30	12	17	17	19	10	26	22	22	16	9	30	15	20	23	15	27	12	9	12	11	7	3	3	5	19	21	20	30	10	23	10	20	15	13	22	12	7	27	7	31	24	0	19	21	3	29	18	23	13	10	12	11	4	12	11	14	13	29	10	7	8	17	25	4
12	29	12	14	17	20	28	13	23	4	21	19	11	1	1	20	24	13	4	25	3	19	10	7	22	15	9	18	5	23	17	19	26	29	17	23	21	30	22	29	30	29	8	10	10	28	10	19	10	2	18	27	22	10	25	7	30	12	20	21	24	31	33	32	25	28	13	29	12	24	21	7	8	19	15	14	13	11	19	0	4	16	21	29	5	12	29	7	29	17	30	29	22	20	24	13	18	26	19	10	15
16	33	14	18	20	24	30	17	26	2	24	21	15	5	4	23	28	15	1	29	3	22	12	11	26	19	11	22	1	27	21	21	30	32	21	27	25	33	25	33	34	31	10	6	10	32	13	23	14	4	22	31	26	13	27	9	32	15	23	23	26	35	37	36	29	31	16	31	15	26	24	11	12	23	11	17	10	15	21	4	0	18	25	33	2	16	31	10	32	20	33	32	25	24	28	17	22	29	21	14	19
4	19	8	11	13	11	12	14	12	20	14	5	17	16	15	7	29	16	19	15	18	12	13	12	13	17	15	9	17	28	15	11	17	14	10	25	27	15	15	19	21	13	23	19	20	18	6	27	12	17	20	18	24	10	9	9	14	4	5	5	8	22	23	23	27	13	21	13	18	13	10	19	9	9	25	5	28	21	3	16	18	0	26	20	20	10	13	10	14	2	15	14	11	10	26	7	8	11	15	22	6
23	29	22	16	28	21	38	13	34	24	32	29	11	20	22	31	3	27	24	20	22	30	24	14	16	9	26	19	26	2	12	29	25	40	16	2	1	41	33	26	28	39	15	31	31	28	21	3	14	21	7	28	3	21	35	17	40	23	31	31	34	25	25	26	5	39	32	39	29	34	32	14	18	26	36	25	15	11	29	21	25	26	0	25	23	17	39	21	40	28	41	40	33	16	3	19	22	37	29	11	26
18	4	27	16	33	9	17	17	32	32	34	24	19	29	30	13	28	36	33	6	30	32	33	23	10	16	34	11	34	27	14	31	3	23	13	24	26	16	34	1	3	14	24	39	39	3	23	26	19	30	19	3	23	29	26	25	15	20	20	15	23	2	4	3	26	27	40	14	38	33	30	23	22	11	44	24	27	20	18	29	33	20	25	0	31	17	18	29	15	22	16	15	31	10	25	16	12	15	34	21	14
17	31	16	16	22	22	32	15	28	1	26	23	13	4	6	25	26	17	2	27	3	24	14	9	24	17	13	20	3	25	19	23	28	34	19	25	23	35	27	31	32	33	8	8	12	30	15	21	12	3	20	29	24	15	29	11	34	17	25	25	28	33	35	34	27	33	18	33	17	28	26	9	12	21	13	19	8	13	23	5	2	20	23	31	0	14	33	12	34	22	35	34	27	22	26	15	20	31	23	12	20
6	17	10	2	16	8	22	4	17	15	17	13	7	12	13	14	20	19	16	13	13	15	16	6	10	8	17	6	17	19	5	14	14	23	5	16	17	24	17	17	18	23	14	22	22	16	6	18	3	13	10	15	15	12	19	8	24	6	14	15	18	19	21	20	18	22	23	23	21	18	15	10	5	9	27	8	19	11	13	12	16	10	17	17	14	0	23	12	23	11	24	23	16	8	16	3	6	20	17	13	9
17	17	17	24	15	19	1	27	15	33	16	10	30	29	28	9	42	18	32	20	31	14	19	25	24	30	20	21	30	41	28	14	15	6	23	38	40	5	17	17	19	7	36	27	22	16	19	40	25	30	33	15	37	19	9	22	6	17	9	8	5	19	21	20	40	10	23	4	20	15	13	32	22	14	27	15	41	34	10	29	31	13	39	18	33	23	0	22	3	12	2	4	14	23	39	20	17	3	17	35	14
12	29	5	14	10	20	21	13	16	11	15	12	11	8	6	17	24	7	10	25	9	13	4	7	22	15	5	18	9	23	17	12	26	23	17	23	21	24	15	29	30	22	15	10	10	28	7	19	10	9	18	27	22	4	18	5	23	10	13	15	17	31	33	32	25	21	11	22	9	17	14	10	8	19	15	7	19	12	12	7	10	10	21	29	12	12	22	0	23	11	24	23	15	20	24	13	18	20	12	14	15
18	14	18	24	18	19	2	27	17	33	19	11	30	30	29	10	43	21	33	20	32	17	20	26	24	31	21	21	31	42	28	16	15	8	24	39	40	3	20	14	16	4	37	28	25	13	19	41	26	31	33	13	38	19	12	23	3	18	10	9	8	17	18	18	41	12	26	1	23	18	15	33	22	14	30	16	42	34	11	29	32	14	40	15	34	23	3	23	0	12	1	2	16	24	39	21	18	3	20	36	14
6	21	6	12	11	13	11	15	11	21	12	3	18	18	17	9	31	14	21	17	20	10	11	14	14	19	13	11	19	30	16	10	19	12	12	27	28	13	13	21	23	12	25	18	18	20	7	29	14	19	21	19	26	8	8	11	13	6	3	7	7	23	25	24	29	11	19	12	16	11	9	21	10	11	23	4	30	22	4	17	20	2	28	22	22	11	12	11	12	0	13	12	10	12	27	9	10	9	13	24	8
19	15	19	25	17	20	3	28	16	34	18	12	31	31	30	11	44	20	34	21	33	16	21	27	25	32	22	22	32	43	29	15	16	7	25	40	41	4	19	15	17	5	38	29	24	14	20	42	27	32	34	14	39	20	11	24	4	19	11	10	7	18	19	19	42	11	25	2	22	17	14	34	23	15	29	17	43	35	12	30	33	15	41	16	35	24	2	24	1	13	0	3	15	25	40	22	19	4	19	37	15
18	13	18	24	19	19	3	27	19	33	20	11	30	30	29	10	43	22	33	20	32	18	20	26	24	31	21	21	31	42	28	18	15	10	24	39	40	1	21	14	15	3	37	28	26	12	19	41	26	31	33	13	38	19	13	23	2	18	10	9	9	15	17	16	41	14	27	1	24	19	17	33	22	14	31	16	42	34	11	29	32	14	40	15	34	23	4	23	2	12	3	0	18	24	39	21	18	3	21	36	14
14	30	11	17	5	22	15	20	1	26	3	7	23	23	21	18	35	10	25	26	24	3	13	19	24	24	14	20	24	34	21	4	28	8	19	31	33	19	4	30	32	20	30	20	15	29	12	34	19	24	26	29	30	12	5	16	19	12	11	16	9	33	34	34	34	6	10	17	10	2	1	25	15	20	14	8	34	27	14	22	25	11	33	31	27	16	14	15	16	10	15	18	0	21	32	15	19	16	4	29	17
8	13	18	6	23	5	22	7	22	22	24	15	9	19	20	15	19	26	23	5	21	22	23	13	3	7	25	3	25	18	5	21	9	24	3	15	17	25	25	10	12	23	14	29	30	12	13	17	10	20	10	12	14	20	19	15	24	10	15	15	18	12	13	13	17	23	31	23	28	23	20	13	12	10	35	15	18	11	13	20	24	10	16	10	22	8	23	20	24	12	25	24	21	0	16	7	6	21	25	12	10
22	29	22	15	27	20	38	12	33	26	31	29	13	23	24	30	4	30	27	19	25	29	27	17	15	9	29	18	29	3	11	29	24	39	16	1	3	40	32	25	27	39	18	33	34	28	20	5	14	24	6	27	2	24	35	19	40	22	30	31	34	24	25	25	2	38	35	39	32	34	31	17	17	25	39	24	18	13	29	24	28	26	3	25	26	16	39	24	39	27	40	39	32	16	0	19	22	36	29	14	25
4	16	11	4	17	7	19	7	16	16	18	10	10	13	14	12	22	20	17	12	14	16	17	7	9	10	18	5	18	21	8	15	13	21	4	18	20	22	18	16	17	20	16	23	23	15	7	20	5	14	13	14	17	13	16	9	21	4	12	12	15	18	20	19	20	20	24	20	22	17	14	12	6	7	28	8	21	14	10	13	17	7	19	16	15	3	20	13	21	9	22	21	15	7	19	0	5	18	18	15	7
6	11	16	7	21	3	16	10	20	20	22	13	13	17	18	9	25	24	21	7	19	20	21	11	7	13	23	4	23	24	11	19	9	18	6	21	23	19	23	11	13	17	19	27	28	10	11	23	8	18	16	10	20	18	15	13	18	8	9	9	12	14	15	15	23	17	29	17	26	21	18	15	10	4	33	13	24	17	7	18	22	8	22	12	20	6	17	18	18	10	19	18	19	6	22	5	0	15	23	18	4
15	15	15	21	18	16	2	24	17	30	19	9	27	27	26	7	40	21	30	17	29	17	18	23	21	28	19	18	28	39	25	16	12	8	21	36	37	4	19	15	16	5	34	25	24	14	16	38	23	28	30	13	35	16	11	20	4	15	7	6	8	17	19	18	38	12	25	3	23	18	15	30	19	11	29	13	39	31	8	26	29	11	37	15	31	20	3	20	3	9	4	3	16	21	36	18	15	0	19	33	11
17	34	7	19	2	25	18	18	5	23	3	10	20	19	18	22	32	6	22	30	21	3	9	15	27	20	10	23	20	31	22	4	31	12	22	28	30	22	4	34	35	24	26	17	12	33	12	30	15	20	23	32	27	9	8	12	23	15	14	20	12	36	38	37	30	10	6	20	7	5	5	22	13	24	10	10	31	24	17	19	21	15	29	34	23	17	17	12	20	13	19	21	4	25	29	18	23	19	0	25	20
19	25	18	12	24	17	34	9	30	13	28	25	6	10	11	27	14	19	14	16	11	26	16	10	12	5	15	15	15	13	8	25	21	36	12	13	11	37	29	22	24	35	5	20	20	24	17	9	10	11	8	24	12	17	31	13	36	19	27	27	30	21	23	22	15	35	21	35	19	30	28	4	14	22	25	21	6	2	25	10	14	22	11	21	12	13	35	14	36	24	37	36	29	12	14	15	18	33	25	0	22
4	14	13	10	19	5	13	13	18	19	20	10	16	16	16	5	29	22	19	10	18	18	19	12	10	17	20	7	20	28	14	17	11	14	10	25	26	15	20	14	15	14	23	25	25	13	9	27	12	17	19	12	24	15	12	11	15	6	6	6	9	16	18	17	27	13	26	14	24	19	16	19	8	4	30	10	28	20	4	15	19	6	26	14	20	9	14	15	14	8	15	14	17	10	25	7	4	11	20	22	0
