10
7
7
17
1
2
1000
5
60
65
10
0.67
0.8
15
1
100

0	37.64	24.84	43.26	3.4	48.43	4.94	27.35	1.01	0.27	1.81

0	0.25	0.25	0.25	0.25	0.25	0.25	0.25	0.08	0.08	0.08

0	1	6.65	1.1	3.7	6.15	3.05	3.8	5.35	3.75	4.9

11.5	4.65	9.9	4.35	6.45	9.2	5.5	6.55	7.5	6.2	7.15


0	15	1	13	9	15	7	12	7	13	7
15	0	15	11	24	17	9	4	15	6	19
1	15	0	13	9	15	8	12	8	13	6
13	11	13	0	21	8	16	8	16	17	16
9	24	9	21	0	14	15	20	9	21	5
15	17	15	8	14	0	22	14	22	23	9
7	9	8	16	15	22	0	9	7	6	14
12	4	12	8	20	14	9	0	12	10	15
7	15	8	16	9	22	7	12	0	13	14
13	6	13	17	21	23	6	10	13	0	16
7	19	6	16	5	9	14	15	14	16	0



