10
5
5
15
1
2
1000
5
60
65
10
0.67
0.8
15
1
100

0	27.25	41.39	41.85	41.67	10.19	1.36	2.19	0.3	2.14	2.25

0	0.25	0.25	0.25	0.25	0.25	0.08	0.08	0.08	0.08	0.08

0	2.9	2.83	0	0	0	0	0	0	4.63	0

7.67	3.9	3.83	6.8	6.63	6.47	6.73	6.6	6.57	5.63	6.93



0	9	13	1	15	7	13	7	7	15	12
9	0	21	9	24	9	21	15	5	14	20
13	21	0	13	6	13	17	6	16	23	10
1	9	13	0	15	8	13	8	6	15	12
15	24	6	15	0	15	11	9	19	17	4
7	9	13	8	15	0	16	7	14	22	12
13	21	17	13	11	16	0	16	16	8	8
7	15	6	8	9	7	16	0	14	22	9
7	5	16	6	19	14	16	14	0	9	15
15	14	23	15	17	22	8	22	9	0	14
12	20	10	12	4	12	8	9	15	14	0






