10
2
2
12
1
2
1000
5
60
65
10
0.67
0.8
15
1
100
0	43.88	0.72	0.74	0.45	2.32	0.17	1.45	1.59	1.63	2.16


0	0.25	0.25	0.08	0.08	0.08	0.08	0.08	0.08	0.08	0.08

0	16.7	2.75	19	5.1	0.38	9.75	0.4	12.05	14.38	0.45

30.9	25.7	11.75	28	14.1	9.38	18.75	9.4	21.05	23.38	9.45


0	9	7	8	7	6	8	6	7	7	6
9	0	3	1	5	3	3	3	2	2	3
7	3	0	3	2	3	1	2	1	2	2
8	1	3	0	4	2	3	2	2	1	3
7	5	2	4	0	3	3	3	3	3	2
6	3	3	2	3	0	3	1	2	1	1
8	3	1	3	3	3	0	3	1	2	2
6	3	2	2	3	1	3	0	2	1	1
7	2	1	2	3	2	1	2	0	1	1
7	2	2	1	3	1	2	1	1	0	2
6	3	2	3	2	1	2	1	1	2	0
