9
7
7
16
1
2
1000
5
60
65
10
0.67
0.8
15
1
100

0	45.3	3.87	16.93	29.03	23.76	40.27	26.54	0.57	1.77


0	0.25	0.25	0.25	0.25	0.25	0.25	0.25	0.08	0.08

0	15.2	4	15	24.6	19.6	4.4	14.8	26.6	12.2

46	26.2	18.6	24.8	36.8	28.6	17.4	25.8	39.6	22


0	12	15	13	15	7	13	9	1	7
12	0	4	10	14	15	8	20	12	9
15	4	0	6	17	19	11	24	15	9
13	10	6	0	23	16	17	21	13	6
15	14	17	23	0	9	8	14	15	22
7	15	19	16	9	0	16	5	6	14
13	8	11	17	8	16	0	21	13	16
9	20	24	21	14	5	21	0	9	15
1	12	15	13	15	6	13	9	0	8
7	9	9	6	22	14	16	15	8	0



















