100
25
25
125
1
2
1000
5
60
65
10
0.67
0.8
15
1
100

0	6.09	49.2	29.65	13.48	21.6	46.53	25.39	3.2	32.96	22.46	7.36	38.76	26.56	4.39	45.02	43.41	2.81	32	44.46	17.39	33.34	22.72	22.34	0.85	43.07	2.34	1.2	1.42	2.48	1.01	0.55	2.17	1.72	0.43	0.02	0.42	0.52	2.25	1.77	0.33	1.06	1.65	0.81	1.49	0.53	0.47	0.52	1.78	0.63	0.68	1.2	0.55	0.89	1.59	1.87	1.23	1.54	0.8	0.76	0.35	2.11	0.72	2.27	0.28	1.53	0.71	1.27	1.35	0.13	1.09	0.55	2.3	1.73	0.29	0.9	0.77	0.76	1.4	1.99	1.17	1.98	1.05	1.85	0.89	2.37	1.88	0.05	1.89	2.28	0.87	0.18	2.14	0.24	1.37	2.29	1.31	0.13	1.1	1.73	0.65

0	0.25	0.25	0.25	0.25	0.25	0.25	0.25	0.25	0.25	0.25	0.25	0.25	0.25	0.25	0.25	0.25	0.25	0.25	0.25	0.25	0.25	0.25	0.25	0.25	0.25	0.08	0.08	0.08	0.08	0.08	0.08	0.08	0.08	0.08	0.08	0.08	0.08	0.08	0.08	0.08	0.08	0.08	0.08	0.08	0.08	0.08	0.08	0.08	0.08	0.08	0.08	0.08	0.08	0.08	0.08	0.08	0.08	0.08	0.08	0.08	0.08	0.08	0.08	0.08	0.08	0.08	0.08	0.08	0.08	0.08	0.08	0.08	0.08	0.08	0.08	0.08	0.08	0.08	0.08	0.08	0.08	0.08	0.08	0.08	0.08	0.08	0.08	0.08	0.08	0.08	0.08	0.08	0.08	0.08	0.08	0.08	0.08	0.08	0.08	0.08

0	4.73	1.4	7.23	18.63	29.07	25.97	5.1	18.2	11.27	17.37	1.17	16.3	0.5	1.57	29.67	21.57	3.5	23.77	1	1.13	1.2	20.4	11.63	1.03	10.37	5.43	13.07	15.07	19.83	7.63	1.67	26.87	15.93	23.87	1.17	18.9	8.33	1	16.23	13.4	4.1	15.8	14.73	8.87	25.63	1.83	19.97	23.43	3.2	1.83	0.33	18.9	18.03	6.03	15.63	4.23	18.43	11.5	13.43	0.67	7.57	23.83	16.43	0.63	23.17	26.47	28.57	12.03	12.17	27.2	17.1	29.1	7.37	8	11.57	12.17	31.7	6.8	5.73	0.4	21.6	15	8.37	0.53	0.83	19.03	21	15.87	5.73	30.57	30.6	9.13	24.63	14.07	15	2.23	5.73	9.8	8.8	13.83

41.2	8.23	6.77	12.07	25.47	37.57	30.53	10.33	26.9	14.43	29	7.77	21.67	2	11.03	32.97	24.2	4.73	29.2	7.57	5.7	9.7	23.7	21.07	6.3	15.93	9.07	14.03	16.7	32.27	19.33	7.9	29.63	17.5	26.5	5.73	25.27	10.97	3.17	23.47	18.43	9.27	17.57	18.37	19.23	31.87	5.13	24.2	26.87	11.57	5.2	2.57	27.73	21.67	15.73	23.8	15.87	19.53	22.8	20.07	9.77	13.13	28.4	29.33	7.5	27.2	30.23	34.13	13.53	13.27	29.3	20.93	33.73	13.73	11.5	15.8	15.07	37.13	7.77	8.7	7.53	24.43	25.57	12.53	5.1	8.53	20.53	30.3	23.03	7.37	37.53	32.03	11.63	25.67	23.97	16.77	11.47	7.43	15.7	10.43	18.07

0	7	14	9	7	9	11	22	12	10	13	13	8	6	20	8	17	16	24	15	6	17	7	13	14	14	18	17	9	15	21	21	5	19	9	12	10	7	15	17	11	8	17	20	25	10	5	11	7	14	6	4	23	15	24	19	13	8	24	16	9	19	13	17	9	12	8	10	7	7	9	10	7	17	9	15	16	7	15	17	6	14	23	17	8	10	18	11	13	6	9	4	19	6	10	8	11	6	10	7	10
7	0	14	2	13	9	11	15	12	10	13	11	14	11	14	11	24	23	17	15	1	17	14	13	14	14	18	24	15	15	21	15	12	25	5	12	4	14	21	17	5	8	17	20	19	10	12	11	12	13	12	10	16	19	17	19	13	14	18	16	9	19	16	17	9	12	3	10	14	14	12	10	4	14	9	15	16	10	15	24	1	17	16	17	8	10	25	11	13	13	9	11	25	13	4	15	11	12	3	13	10
14	14	0	16	21	9	9	29	26	12	19	20	20	20	28	22	21	15	31	29	14	31	11	27	1	28	32	18	9	29	35	29	11	19	16	19	17	20	17	21	19	12	3	34	33	24	9	10	21	22	20	11	30	5	31	33	27	10	32	22	23	33	2	31	11	9	15	8	18	8	23	11	14	24	13	23	2	21	3	14	13	3	30	3	10	24	20	25	27	10	9	12	16	12	18	19	25	20	17	9	10
9	2	16	0	15	7	9	14	14	8	11	10	16	13	12	13	25	24	15	16	3	19	15	15	15	15	19	25	17	17	23	13	13	27	4	10	3	15	23	15	3	6	19	22	17	12	14	9	14	11	13	12	14	20	15	20	14	16	16	14	10	21	18	19	7	10	1	9	16	15	14	9	2	12	7	14	18	12	14	25	3	19	15	15	6	12	26	12	15	14	8	13	27	14	2	17	12	14	1	15	8
7	13	21	15	0	15	17	28	12	16	19	19	1	2	27	2	11	10	30	8	13	11	10	14	20	17	11	11	12	9	15	28	10	12	15	18	16	1	8	23	18	14	23	14	32	10	12	17	1	21	2	10	29	22	30	12	16	11	31	22	12	13	19	11	15	18	14	17	3	13	2	17	13	23	15	22	23	3	22	11	12	20	29	23	14	13	12	12	13	11	16	9	12	9	17	2	14	1	16	12	16
9	9	9	7	15	0	3	20	20	3	10	11	15	14	19	16	19	18	22	23	8	25	9	21	9	22	26	19	10	24	29	20	7	20	7	10	8	14	16	12	10	3	12	29	24	19	7	3	15	13	15	5	21	14	22	27	21	9	23	13	17	28	11	25	2	4	6	2	12	9	17	2	5	15	4	14	11	15	7	19	8	12	21	9	1	19	20	19	21	8	1	6	20	8	9	13	19	14	8	8	1
11	11	9	9	17	3	0	23	23	3	10	11	17	17	21	19	18	17	22	25	10	28	8	24	8	24	28	18	10	26	32	22	8	20	7	11	8	16	16	12	10	3	12	31	24	21	7	2	18	13	17	8	21	13	24	29	23	9	23	13	19	30	11	28	3	1	8	2	15	8	19	2	8	15	4	14	11	18	7	18	10	12	22	8	4	21	19	21	24	7	2	8	20	9	9	16	21	16	10	8	2
22	15	29	14	28	20	23	0	17	21	24	23	29	26	2	26	39	38	5	24	16	25	29	15	29	12	25	39	30	27	25	1	27	40	17	24	16	29	36	29	14	20	32	25	4	19	27	23	27	25	27	25	3	34	2	27	13	29	3	28	17	24	31	29	20	24	15	22	29	29	27	22	15	26	20	27	31	25	27	39	16	32	3	29	19	15	40	17	16	28	21	26	40	28	15	30	15	27	13	28	21
12	12	26	14	12	20	23	17	0	21	24	23	13	10	15	10	22	21	19	8	13	9	15	3	25	5	8	22	17	10	9	16	15	24	17	24	16	12	20	29	14	20	29	9	20	2	17	23	11	25	10	15	18	27	19	10	4	16	19	28	4	8	24	12	20	24	15	22	12	19	10	22	15	26	20	27	28	9	27	22	13	25	18	29	19	2	23	2	1	16	21	15	24	14	15	13	2	11	13	17	21
10	10	12	8	16	3	3	21	21	0	7	9	16	15	20	17	21	20	20	24	9	26	11	22	11	23	27	21	13	25	30	21	9	23	5	8	6	15	19	10	7	2	14	30	21	20	9	2	16	10	16	8	19	16	23	28	22	12	20	11	18	29	13	26	1	3	7	4	13	11	18	1	6	13	1	11	14	16	9	21	9	14	19	11	2	20	22	20	22	10	3	8	23	10	6	14	20	15	9	11	2
13	13	19	11	19	10	10	24	24	7	0	2	19	18	23	20	28	27	19	27	12	29	18	25	18	26	30	28	20	28	33	24	16	30	8	1	9	18	26	5	10	7	21	33	24	23	16	9	19	3	19	15	22	23	26	31	25	19	23	4	21	32	20	29	8	10	10	11	18	18	21	8	9	6	6	4	21	19	16	28	12	21	22	18	9	23	29	23	25	17	10	15	30	17	9	19	23	18	12	18	9
13	11	20	10	19	11	11	23	23	9	2	0	20	17	21	19	29	28	18	26	11	28	19	24	19	25	29	29	21	26	32	22	17	31	6	1	7	19	27	6	9	8	23	31	23	21	18	10	18	2	17	16	20	24	25	30	24	20	22	5	20	30	22	28	9	11	9	13	20	19	20	9	8	4	8	4	22	18	18	29	10	23	21	19	10	21	30	22	24	18	12	17	31	18	8	21	22	18	11	19	10
8	14	20	16	1	15	17	29	13	16	19	20	0	3	28	3	10	9	31	9	14	11	10	15	20	18	12	10	11	9	15	29	10	11	16	19	17	1	7	23	19	14	23	14	33	11	11	17	2	22	3	10	30	21	31	13	17	10	32	22	13	13	19	11	15	18	15	16	3	13	3	16	14	24	15	23	22	4	21	10	13	20	30	23	14	14	11	13	14	11	15	9	11	9	18	2	15	2	17	11	16
6	11	20	13	2	14	17	26	10	15	18	17	3	0	25	2	13	12	28	9	11	11	9	12	19	15	12	13	11	10	15	26	9	14	13	18	14	3	10	23	16	14	23	15	30	8	11	17	1	19	1	9	27	21	28	13	14	10	29	22	10	14	18	11	14	18	12	16	3	13	3	16	11	21	14	21	22	1	21	13	10	19	27	23	13	11	14	10	11	10	15	9	14	8	15	4	12	1	14	11	15
20	14	28	12	27	19	21	2	15	20	23	21	28	25	0	25	37	36	4	23	14	24	27	13	27	10	23	37	29	25	23	1	25	39	15	22	14	27	35	27	13	18	30	24	5	17	25	21	26	23	25	24	3	32	4	25	11	28	4	26	15	23	29	27	19	22	13	20	27	27	25	20	14	24	19	25	30	24	25	37	15	30	3	27	18	14	38	15	14	26	19	24	39	26	14	28	13	26	11	27	20
8	11	22	13	2	16	19	26	10	17	20	19	3	2	25	0	13	12	28	7	11	9	11	12	21	15	10	13	13	8	13	26	11	14	13	20	14	3	10	25	16	16	25	13	30	8	13	19	1	21	2	11	27	23	28	11	14	12	29	24	10	12	20	9	16	20	12	18	4	15	1	18	11	22	16	23	24	1	23	13	10	21	27	25	15	11	14	10	11	12	17	11	14	10	15	4	12	3	14	13	17
17	24	21	25	11	19	18	39	22	21	28	29	10	13	37	13	0	6	40	15	23	14	10	24	20	27	14	4	12	12	14	38	12	2	25	29	26	10	5	30	28	21	24	14	42	20	12	20	12	31	12	14	39	22	40	12	26	11	41	31	22	15	19	10	21	19	24	17	10	14	12	20	24	33	22	32	23	14	22	7	23	20	40	24	20	24	1	22	23	11	18	13	5	11	27	9	24	12	26	12	20
16	23	15	24	10	18	17	38	21	20	27	28	9	12	36	12	6	0	39	14	22	16	9	23	15	26	17	3	8	14	20	37	11	4	24	28	25	9	2	29	27	20	18	19	41	19	11	19	11	30	11	13	38	16	39	18	25	9	40	30	21	18	14	16	20	18	23	16	9	9	11	19	23	32	21	31	17	13	16	1	22	15	39	18	19	23	5	21	22	10	17	12	3	10	26	8	23	11	25	10	19
24	17	31	15	30	22	22	5	19	20	19	18	31	28	4	28	40	39	0	26	18	27	30	16	30	14	26	40	32	29	26	5	28	42	15	19	14	30	38	24	13	19	34	27	5	20	29	21	29	20	28	27	3	35	7	29	15	31	4	23	19	26	33	30	20	22	16	24	31	30	29	20	17	21	19	22	33	27	29	40	18	34	3	30	21	17	41	19	18	29	23	28	42	29	14	32	17	29	14	30	21
15	15	29	16	8	23	25	24	8	24	27	26	9	9	23	7	15	14	26	0	15	3	18	10	28	13	3	15	20	3	7	24	18	16	20	26	19	9	12	31	17	22	31	6	28	6	20	25	8	27	9	18	25	30	26	4	12	19	27	30	8	5	27	5	23	26	17	25	11	21	6	25	18	28	23	30	31	8	30	15	16	28	25	31	22	9	16	8	9	19	24	17	16	17	18	10	10	9	15	20	24
6	1	14	3	13	8	10	16	13	9	12	11	14	11	14	11	23	22	18	15	0	18	13	14	13	14	18	23	15	16	22	15	11	25	5	11	4	13	21	16	5	7	16	21	19	11	11	10	12	12	11	10	17	18	18	19	13	14	18	15	9	20	15	18	8	11	2	10	13	13	11	10	3	13	8	15	16	10	15	23	1	16	17	16	7	11	24	11	14	12	9	10	25	12	4	14	11	12	4	13	9
17	17	31	19	11	25	28	25	9	26	29	28	11	11	24	9	14	16	27	3	18	0	20	11	30	14	1	14	22	2	4	25	20	15	22	29	21	12	15	34	19	25	34	4	29	7	22	28	10	30	11	20	26	32	27	2	13	21	28	33	9	3	29	4	25	29	20	27	13	24	9	27	20	31	25	32	33	10	32	17	18	30	26	34	24	10	15	9	10	21	26	20	15	19	20	12	11	12	18	22	26
7	14	11	15	10	9	8	29	15	11	18	19	10	9	27	11	10	9	30	18	13	20	0	16	10	17	21	10	2	19	24	28	2	12	15	19	16	9	8	20	18	11	14	24	32	14	2	10	10	21	10	4	29	12	30	22	16	1	31	21	12	23	9	20	11	9	14	7	7	4	12	10	14	23	12	22	13	10	12	10	13	10	30	14	10	14	11	14	16	1	8	3	12	1	17	8	14	9	16	2	10
13	13	27	15	14	21	24	15	3	22	25	24	15	12	13	12	24	23	16	10	14	11	16	0	26	3	10	24	18	13	10	14	16	26	18	25	17	14	22	30	15	21	30	11	18	4	18	24	13	26	12	16	15	28	16	13	2	17	17	29	5	10	25	14	21	25	16	23	15	20	13	23	16	27	21	28	29	11	28	24	14	26	16	30	20	3	25	3	2	17	22	16	26	15	16	16	3	13	14	18	22
14	14	1	15	20	9	8	29	25	11	18	19	20	19	27	21	20	15	30	28	13	30	10	26	0	27	31	17	9	29	34	28	10	19	15	19	16	19	16	20	18	11	4	34	32	24	9	10	20	21	20	10	29	5	30	32	26	10	31	21	22	33	3	30	11	9	14	7	17	7	22	10	14	23	12	22	3	20	2	14	13	4	30	4	10	24	19	24	26	9	8	11	15	11	17	18	24	19	16	9	10
14	14	28	15	17	22	24	12	5	23	26	25	18	15	10	15	27	26	14	13	14	14	17	3	27	0	13	27	19	15	13	11	17	29	19	25	18	17	25	30	16	21	30	14	15	7	19	24	16	26	15	17	13	29	14	15	1	18	14	29	5	13	26	17	22	25	16	24	17	20	15	24	17	27	22	29	30	14	29	27	15	27	13	30	21	4	28	5	4	18	23	16	29	16	17	18	3	16	14	19	23
18	18	32	19	11	26	28	25	8	27	30	29	12	12	23	10	14	17	26	3	18	1	21	10	31	13	0	14	23	3	4	24	21	16	23	29	22	12	15	34	20	25	34	3	28	8	23	28	11	30	12	21	25	33	26	3	12	22	27	33	9	2	30	4	26	29	20	28	14	24	9	28	21	31	26	33	34	11	33	18	19	31	26	34	25	10	15	8	9	22	27	20	16	20	21	13	10	12	18	23	27
17	24	18	25	11	19	18	39	22	21	28	29	10	13	37	13	4	3	40	15	23	14	10	24	17	27	14	0	9	12	18	38	12	2	25	29	26	10	3	30	28	21	20	17	42	20	12	20	12	31	12	14	39	19	40	15	26	10	41	31	22	16	16	14	21	19	24	17	10	10	12	20	24	33	22	32	20	14	19	4	23	17	40	20	20	24	3	22	23	11	18	13	2	11	27	9	24	12	26	11	20
9	15	9	17	12	10	10	30	17	13	20	21	11	11	29	13	12	8	32	20	15	22	2	18	9	19	23	9	0	20	26	30	4	10	17	20	18	11	8	22	20	13	12	25	34	15	4	11	12	23	11	5	31	10	32	24	18	1	33	23	14	24	8	22	12	10	16	9	9	2	14	12	15	25	14	24	11	12	10	9	14	9	31	12	11	15	11	16	18	3	10	5	10	3	19	10	16	11	18	2	11
15	15	29	17	9	24	26	27	10	25	28	26	9	10	25	8	12	14	29	3	16	2	19	13	29	15	3	12	20	0	6	26	19	14	20	27	19	10	13	32	18	23	32	5	30	9	20	26	9	28	9	19	28	30	29	4	14	19	29	31	10	4	28	2	24	27	18	25	12	22	7	25	19	29	24	30	31	9	30	15	16	29	28	32	23	12	13	10	11	20	24	18	14	18	19	11	12	10	16	20	25
21	21	35	23	15	29	32	25	9	30	33	32	15	15	23	13	14	20	26	7	22	4	24	10	34	13	4	18	26	6	0	24	24	16	26	33	25	16	19	38	23	29	38	1	28	11	26	32	14	34	15	24	25	36	26	3	12	25	27	37	13	2	33	4	29	33	24	31	17	28	13	31	24	35	29	36	37	14	36	21	22	34	26	38	28	11	15	11	9	25	30	24	19	23	24	16	11	16	22	26	30
21	15	29	13	28	20	22	1	16	21	24	22	29	26	1	26	38	37	5	24	15	25	28	14	28	11	24	38	30	26	24	0	26	40	16	23	15	28	36	28	14	19	31	25	4	18	26	22	27	24	26	25	2	33	3	26	12	29	3	27	16	24	30	28	20	23	14	21	28	28	26	21	15	25	20	26	31	25	26	38	16	31	2	28	19	15	39	16	15	27	20	25	40	27	15	29	14	27	12	28	21
5	12	11	13	10	7	8	27	15	9	16	17	10	9	25	11	12	11	28	18	11	20	2	16	10	17	21	12	4	19	24	26	0	14	13	17	14	9	10	18	16	9	14	24	30	14	2	8	10	19	10	2	27	12	28	22	16	3	29	19	12	23	9	20	9	9	12	7	7	4	12	8	12	21	10	20	13	10	12	12	11	10	28	14	8	14	13	14	16	1	6	1	14	1	15	8	14	9	14	2	8
19	25	19	27	12	20	20	40	24	23	30	31	11	14	39	14	2	4	42	16	25	15	12	26	19	29	16	2	10	14	16	40	14	0	27	30	28	12	4	32	30	23	22	15	44	22	14	21	13	33	14	15	41	20	42	14	28	11	43	33	24	16	18	12	22	20	26	19	12	12	14	22	25	35	24	34	21	15	20	5	24	19	41	22	21	25	1	24	25	13	20	15	4	13	29	11	26	13	28	12	21
9	5	16	4	15	7	7	17	17	5	8	6	16	13	15	13	25	24	15	20	5	22	15	18	15	19	23	25	17	20	26	16	13	27	0	7	1	15	23	12	3	4	19	25	17	15	14	6	14	8	13	12	14	20	19	24	18	16	16	11	14	24	18	22	5	7	3	9	16	15	14	5	2	9	4	10	18	12	14	25	4	19	15	15	6	15	26	16	18	14	8	13	27	14	2	17	16	14	5	15	6
12	12	19	10	18	10	11	24	24	8	1	1	19	18	22	20	29	28	19	26	11	29	19	25	19	25	29	29	20	27	33	23	17	30	7	0	8	19	26	5	10	8	22	32	24	22	17	9	19	3	18	15	21	24	25	30	24	19	23	4	20	31	21	29	8	10	9	12	19	19	20	9	9	5	7	4	21	19	17	29	11	22	21	19	9	22	30	22	25	18	11	16	30	18	9	20	22	17	11	18	9
10	4	17	3	16	8	8	16	16	6	9	7	17	14	14	14	26	25	14	19	4	21	16	17	16	18	22	26	18	19	25	15	14	28	1	8	0	16	24	13	2	5	20	24	16	14	15	7	15	9	14	13	13	21	18	23	17	17	15	12	13	23	19	21	6	8	2	10	17	16	15	6	3	10	5	11	19	13	15	26	4	20	14	16	7	14	27	15	17	15	9	14	28	15	1	18	15	15	4	16	7
7	14	20	15	1	14	16	29	12	15	18	19	1	3	27	3	10	9	30	9	13	12	9	14	19	17	12	10	11	10	16	28	9	12	15	19	16	0	8	22	18	13	22	15	32	10	11	16	2	21	2	9	29	21	30	13	16	10	31	21	12	14	18	12	14	17	14	16	2	12	3	16	14	23	14	22	22	4	21	10	13	19	30	22	13	14	11	12	13	10	15	8	12	8	17	2	14	2	16	11	15
15	21	17	23	8	16	16	36	20	19	26	27	7	10	35	10	5	2	38	12	21	15	8	22	16	25	15	3	8	13	19	36	10	4	23	26	24	8	0	28	26	19	19	18	40	18	10	17	9	29	10	11	37	18	38	16	24	7	39	29	20	17	15	15	18	16	22	15	8	9	10	18	21	31	20	30	19	11	18	3	20	16	37	19	17	21	4	20	21	9	16	11	4	9	25	7	22	9	24	8	17
17	17	21	15	23	12	12	29	29	10	5	6	23	23	27	25	30	29	24	31	16	34	20	30	20	30	34	30	22	32	38	28	18	32	12	5	13	22	28	0	15	9	24	37	29	27	19	11	24	4	23	17	26	25	30	35	29	21	28	1	25	36	23	34	10	12	14	14	21	20	25	10	14	3	9	2	23	24	19	30	16	24	26	20	11	27	31	27	30	19	13	18	32	19	14	22	27	22	16	20	11
11	5	19	3	18	10	10	14	14	7	10	9	19	16	13	16	28	27	13	17	5	19	18	15	18	16	20	28	20	18	23	14	16	30	3	10	2	18	26	15	0	7	21	23	14	13	16	9	17	11	16	15	12	23	16	21	15	19	13	14	11	22	20	19	8	10	4	11	18	18	16	8	5	12	6	13	21	15	16	28	6	21	12	18	9	13	29	13	15	17	10	15	30	17	1	19	13	17	2	18	9
8	8	12	6	14	3	3	20	20	2	7	8	14	14	18	16	21	20	19	22	7	25	11	21	11	21	25	21	13	23	29	19	9	23	4	8	5	13	19	9	7	0	15	28	21	18	10	3	15	10	14	8	18	16	21	26	20	12	20	10	16	27	14	25	1	4	5	5	12	11	16	3	5	12	1	11	14	15	10	21	7	15	19	11	2	18	22	18	21	10	4	9	23	10	6	13	18	13	7	11	2
17	17	3	19	23	12	12	32	29	14	21	23	23	23	30	25	24	18	34	31	16	34	14	30	4	30	34	20	12	32	38	31	14	22	19	22	20	22	19	24	21	15	0	37	35	27	12	13	24	24	23	14	33	2	34	35	29	13	34	25	25	36	5	34	14	12	18	10	21	10	25	14	17	27	15	25	1	24	5	17	16	4	33	4	13	27	23	27	30	13	11	14	19	15	20	22	27	22	20	12	13
20	20	34	22	14	29	31	25	9	30	33	31	14	15	24	13	14	19	27	6	21	4	24	11	34	14	3	17	25	5	1	25	24	15	25	32	24	15	18	37	23	28	37	0	29	10	25	31	14	33	14	24	26	35	27	2	13	24	28	36	12	1	33	4	29	32	23	30	17	27	12	30	24	34	29	35	36	14	35	20	21	34	26	37	28	10	15	10	10	25	29	23	19	23	24	16	11	15	21	25	30
25	19	33	17	32	24	24	4	20	21	24	23	33	30	5	30	42	41	5	28	19	29	32	18	32	15	28	42	34	30	28	4	30	44	17	24	16	32	40	29	14	21	35	29	0	22	30	23	31	25	30	29	3	37	2	30	16	33	1	28	20	28	34	32	22	24	18	25	32	32	30	22	19	26	20	27	35	29	30	42	20	35	3	32	23	19	43	20	19	31	24	29	44	31	15	33	18	31	16	32	23
10	10	24	12	10	19	21	19	2	20	23	21	11	8	17	8	20	19	20	6	11	7	14	4	24	7	8	20	15	9	11	18	14	22	15	22	14	10	18	27	13	18	27	10	22	0	15	21	9	23	8	14	19	25	20	9	6	14	21	26	2	9	23	10	19	22	13	20	11	17	9	20	14	24	19	25	26	7	25	20	11	24	20	27	18	4	21	2	3	15	19	13	22	13	14	12	4	9	11	15	20
5	12	9	14	12	7	7	27	17	9	16	18	11	11	25	13	12	11	29	20	11	22	2	18	9	19	23	12	4	20	26	26	2	14	14	17	15	11	10	19	16	10	12	25	30	15	0	8	12	19	11	2	28	10	29	24	18	3	29	20	14	24	8	22	9	7	13	5	9	2	14	9	12	22	10	20	11	12	10	12	11	9	28	12	8	15	13	16	18	1	6	3	14	3	15	10	16	11	15	2	8
11	11	10	9	17	3	2	23	23	2	9	10	17	17	21	19	20	19	21	25	10	28	10	24	10	24	28	20	11	26	32	22	8	21	6	9	7	16	17	11	9	3	13	31	23	21	8	0	18	12	17	8	20	15	24	29	23	10	22	12	19	30	12	28	3	1	8	3	15	10	19	1	8	14	3	13	12	18	8	20	10	13	20	10	4	21	21	21	24	9	2	8	21	9	8	16	21	16	10	9	2
7	12	21	14	1	15	18	27	11	16	19	18	2	1	26	1	12	11	29	8	12	10	10	13	20	16	11	12	12	9	14	27	10	13	14	19	15	2	9	24	17	15	24	14	31	9	12	18	0	20	1	10	28	22	29	12	15	11	30	23	11	13	19	10	15	19	13	17	3	14	2	17	12	22	15	22	23	2	22	12	11	20	28	24	14	12	13	11	12	11	16	10	13	9	16	3	13	2	15	12	16
14	13	22	11	21	13	13	25	25	10	3	2	22	19	23	21	31	30	20	27	12	30	21	26	21	26	30	31	23	28	34	24	19	33	8	3	9	21	29	4	11	10	24	33	25	23	19	12	20	0	19	18	22	26	26	31	25	22	24	3	21	32	23	30	11	13	10	14	21	21	21	11	10	3	9	3	24	20	19	31	12	24	22	21	12	23	32	23	26	20	13	18	33	20	10	22	23	20	12	21	12
6	12	20	13	2	15	17	27	10	16	19	17	3	1	25	2	12	11	28	9	11	11	10	12	20	15	12	12	11	9	15	26	10	14	13	18	14	2	10	23	16	14	23	14	30	8	11	17	1	19	0	10	27	21	28	13	14	10	29	22	10	13	19	11	15	18	12	16	3	13	3	16	12	21	15	21	22	2	21	12	11	20	28	23	14	12	13	10	11	11	15	9	14	9	15	4	12	1	14	11	16
4	10	11	12	10	5	8	25	15	8	15	16	10	9	24	11	14	13	27	18	10	20	4	16	10	17	21	14	5	19	24	25	2	15	12	15	13	9	11	17	15	8	14	24	29	14	2	8	10	18	10	0	26	12	27	22	16	4	28	18	12	23	9	20	7	9	11	7	7	4	12	7	10	20	9	19	13	10	12	14	9	10	26	14	6	14	15	14	16	3	6	1	15	3	14	8	14	9	13	3	6
23	16	30	14	29	21	21	3	18	19	22	20	30	27	3	27	39	38	3	25	17	26	29	15	29	13	25	39	31	28	25	2	27	41	14	21	13	29	37	26	12	18	33	26	3	19	28	20	28	22	27	26	0	34	5	28	14	30	2	25	18	25	32	29	19	21	15	23	30	29	28	19	16	23	18	24	32	26	28	39	17	33	1	29	20	16	40	18	17	28	22	27	41	28	13	31	16	28	13	29	20
15	19	5	20	22	14	13	34	27	16	23	24	21	21	32	23	22	16	35	30	18	32	12	28	5	29	33	19	10	30	36	33	12	20	20	24	21	21	18	25	23	16	2	35	37	25	10	15	22	26	21	12	34	0	35	34	28	11	36	26	24	34	3	32	16	14	19	12	19	9	24	15	19	28	17	27	3	22	7	15	18	2	35	5	15	25	21	26	28	11	13	13	17	13	22	20	26	21	21	10	15
24	17	31	15	30	22	24	2	19	23	26	25	31	28	4	28	40	39	7	26	18	27	30	16	30	14	26	40	32	29	26	3	28	42	19	25	18	30	38	30	16	21	34	27	2	20	29	24	29	26	28	27	5	35	0	29	15	31	3	29	19	26	33	30	22	25	16	24	31	30	29	24	17	27	22	29	33	27	29	40	18	34	4	30	21	17	41	19	18	29	23	28	42	29	17	32	17	29	14	30	23
19	19	33	20	12	27	29	27	10	28	31	30	13	13	25	11	12	18	29	4	19	2	22	13	32	15	3	15	24	4	3	26	22	14	24	30	23	13	16	35	21	26	35	2	30	9	24	29	12	31	13	22	28	34	29	0	14	23	29	34	10	3	31	2	27	30	21	29	15	25	10	29	22	32	27	34	35	12	34	19	20	32	28	35	26	12	13	10	11	23	28	21	17	21	22	14	12	13	19	24	28
13	13	27	14	16	21	23	13	4	22	25	24	17	14	11	14	26	25	15	12	13	13	16	2	26	1	12	26	18	14	12	12	16	28	18	24	17	16	24	29	15	20	29	13	16	6	18	23	15	25	14	16	14	28	15	14	0	17	15	28	4	12	25	16	21	24	15	23	16	19	14	23	16	26	21	28	29	13	28	26	14	26	14	29	20	3	27	4	3	17	22	15	28	15	16	17	2	15	13	18	22
8	14	10	16	11	9	9	29	16	12	19	20	10	10	28	12	11	9	31	19	14	21	1	17	10	18	22	10	1	19	25	29	3	11	16	19	17	10	7	21	19	12	13	24	33	14	3	10	11	22	10	4	30	11	31	23	17	0	32	22	13	23	9	21	11	9	15	8	8	3	13	11	14	24	13	23	12	11	11	10	13	10	30	13	10	14	11	15	17	2	9	4	11	2	18	9	15	10	17	1	10
24	18	32	16	31	23	23	3	19	20	23	22	32	29	4	29	41	40	4	27	18	28	31	17	31	14	27	41	33	29	27	3	29	43	16	23	15	31	39	28	13	20	34	28	1	21	29	22	30	24	29	28	2	36	3	29	15	32	0	27	19	27	33	31	21	23	17	24	31	31	29	21	18	25	19	26	34	28	29	41	19	34	2	31	22	18	42	19	18	30	23	28	43	30	14	32	17	30	15	31	22
16	16	22	14	22	13	13	28	28	11	4	5	22	22	26	24	31	30	23	30	15	33	21	29	21	29	33	31	23	31	37	27	19	33	11	4	12	21	29	1	14	10	25	36	28	26	20	12	23	3	22	18	25	26	29	34	28	22	27	0	24	35	24	33	11	13	13	15	22	21	24	11	13	2	10	1	24	23	20	31	15	25	25	21	12	26	32	26	29	20	14	19	33	20	13	23	26	21	15	21	12
9	9	23	10	12	17	19	17	4	18	21	20	13	10	15	10	22	21	19	8	9	9	12	5	22	5	9	22	14	10	13	16	12	24	14	20	13	12	20	25	11	16	25	12	20	2	14	19	11	21	10	12	18	24	19	10	4	13	19	24	0	11	21	12	17	20	11	19	12	15	10	19	12	22	17	24	25	9	24	22	10	22	18	25	16	2	23	2	5	13	18	11	24	11	12	13	2	11	9	14	18
19	19	33	21	13	28	30	24	8	29	32	30	13	14	23	12	15	18	26	5	20	3	23	10	33	13	2	16	24	4	2	24	23	16	24	31	23	14	17	36	22	27	36	1	28	9	24	30	13	32	13	23	25	34	26	3	12	23	27	35	11	0	32	5	28	31	22	29	16	26	11	29	23	33	28	34	35	13	34	19	20	33	25	36	27	9	16	9	9	24	28	22	18	22	23	15	10	14	20	24	29
13	16	2	18	19	11	11	31	24	13	20	22	19	18	29	20	19	14	33	27	15	29	9	25	3	26	30	16	8	28	33	30	9	18	18	21	19	18	15	23	20	14	5	33	34	23	8	12	19	23	19	9	32	3	33	31	25	9	33	24	21	32	0	29	13	11	17	9	16	6	21	13	16	26	14	24	4	19	4	13	15	1	32	5	12	23	18	23	25	8	10	10	14	10	19	17	23	18	19	8	12
17	17	31	19	11	25	28	29	12	26	29	28	11	11	27	9	10	16	30	5	18	4	20	14	30	17	4	14	22	2	4	28	20	12	22	29	21	12	15	34	19	25	34	4	32	10	22	28	10	30	11	20	29	32	30	2	16	21	31	33	12	5	29	0	25	29	20	27	13	24	9	27	20	31	25	32	33	10	32	17	18	30	30	34	24	14	11	12	13	21	26	20	15	19	20	12	14	12	18	22	26
9	9	11	7	15	2	3	20	20	1	8	9	15	14	19	16	21	20	20	23	8	25	11	21	11	22	26	21	12	24	29	20	9	22	5	8	6	14	18	10	8	1	14	29	22	19	9	3	15	11	15	7	19	16	22	27	21	11	21	11	17	28	13	25	0	4	6	4	12	11	17	2	5	13	2	12	13	15	9	21	8	14	19	11	1	19	22	19	21	10	3	8	22	10	7	13	19	14	8	10	1
12	12	9	10	18	4	1	24	24	3	10	11	18	18	22	20	19	18	22	26	11	29	9	25	9	25	29	19	10	27	33	23	9	20	7	10	8	17	16	12	10	4	12	32	24	22	7	1	19	13	18	9	21	14	25	30	24	9	23	13	20	31	11	29	4	0	9	2	16	9	20	2	9	15	4	14	11	19	7	19	11	12	21	9	5	22	20	22	25	8	3	9	20	10	9	17	22	17	11	8	3
8	3	15	1	14	6	8	15	15	7	10	9	15	12	13	12	24	23	16	17	2	20	14	16	14	16	20	24	16	18	24	14	12	26	3	9	2	14	22	14	4	5	18	23	18	13	13	8	13	10	12	11	15	19	16	21	15	15	17	13	11	22	17	20	6	9	0	8	15	14	13	8	1	11	6	13	17	11	13	24	2	18	16	14	5	13	25	13	16	13	7	12	26	13	3	16	13	13	2	14	7
10	10	8	9	17	2	2	22	22	4	11	13	16	16	20	18	17	16	24	25	10	27	7	23	7	24	28	17	9	25	31	21	7	19	9	12	10	16	15	14	11	5	10	30	25	20	5	3	17	14	16	7	23	12	24	29	23	8	24	15	19	29	9	27	4	2	8	0	14	7	19	4	7	17	5	15	10	17	5	17	9	10	23	7	3	20	18	21	23	6	1	8	19	8	10	15	21	16	10	7	3
7	14	18	16	3	12	15	29	12	13	18	20	3	3	27	4	10	9	31	11	13	13	7	15	17	17	14	10	9	12	17	28	7	12	16	19	17	2	8	21	18	12	21	17	32	11	9	15	3	21	3	7	30	19	31	15	16	8	31	22	12	16	16	13	12	16	15	14	0	11	5	14	14	24	12	22	20	4	19	10	13	17	30	21	11	14	11	12	13	8	13	7	12	6	17	1	14	2	17	9	13
7	14	8	15	13	9	8	29	19	11	18	19	13	13	27	15	14	9	30	21	13	24	4	20	7	20	24	10	2	22	28	28	4	12	15	19	16	12	9	20	18	11	10	27	32	17	2	10	14	21	13	4	29	9	30	25	19	3	31	21	15	26	6	24	11	9	14	7	11	0	15	10	14	23	12	22	10	14	9	10	13	7	30	10	10	17	13	17	20	3	8	4	12	5	17	12	17	12	16	2	10
9	12	23	14	2	17	19	27	10	18	21	20	3	3	25	1	12	11	29	6	11	9	12	13	22	15	9	12	14	7	13	26	12	14	14	20	15	3	10	25	16	16	25	12	30	9	14	19	2	21	3	12	28	24	29	10	14	13	29	24	10	11	21	9	17	20	13	19	5	15	0	19	12	22	17	24	25	2	24	12	11	22	28	25	16	12	13	10	11	13	18	11	14	11	15	4	12	3	15	14	18
10	10	11	9	17	2	2	22	22	1	8	9	16	16	20	18	20	19	20	25	10	27	10	23	10	24	28	20	12	25	31	21	8	22	5	9	6	16	18	10	8	3	14	30	22	20	9	1	17	11	16	7	19	15	24	29	23	11	21	11	19	29	13	27	2	2	8	4	14	10	19	0	7	13	2	12	13	17	9	20	9	14	20	10	3	20	21	21	23	9	3	8	22	9	7	15	21	16	10	10	1
7	4	14	2	13	5	8	15	15	6	9	8	14	11	14	11	24	23	17	18	3	20	14	16	14	17	21	24	15	19	24	15	12	25	2	9	3	14	21	14	5	5	17	24	19	14	12	8	12	10	12	10	16	19	17	22	16	14	18	13	12	23	16	20	5	9	1	7	14	14	12	7	0	11	5	12	16	10	12	24	3	17	16	14	4	14	25	14	16	13	6	11	25	13	4	15	14	12	3	13	6
17	14	24	12	23	15	15	26	26	13	6	4	24	21	24	22	33	32	21	28	13	31	23	27	23	27	31	33	25	29	35	25	21	35	9	5	10	23	31	3	12	12	27	34	26	24	22	14	22	3	21	20	23	28	27	32	26	24	25	2	22	33	26	31	13	15	11	17	24	23	22	13	11	0	12	2	26	21	22	33	13	27	23	23	14	24	34	24	27	22	16	21	35	22	11	25	24	22	13	23	14
9	9	13	7	15	4	4	20	20	1	6	8	15	14	19	16	22	21	19	23	8	25	12	21	12	22	26	22	14	24	29	20	10	24	4	7	5	14	20	9	6	1	15	29	20	19	10	3	15	9	15	9	18	17	22	27	21	13	19	10	17	28	14	25	2	4	6	5	12	12	17	2	5	12	0	10	15	15	10	22	8	15	18	12	3	19	23	19	21	11	4	9	24	11	5	13	19	14	8	12	3
15	15	23	14	22	14	14	27	27	11	4	4	23	21	25	23	32	31	22	30	15	32	22	28	22	29	33	32	24	30	36	26	20	34	10	4	11	22	30	2	13	11	25	35	27	25	20	13	22	3	21	19	24	27	29	34	28	23	26	1	24	34	24	32	12	14	13	15	22	22	24	12	12	2	10	0	25	22	20	32	14	25	25	22	13	25	33	26	28	21	14	19	34	21	12	23	26	21	15	22	13
16	16	2	18	23	11	11	31	28	14	21	22	22	22	30	24	23	17	33	31	16	33	13	29	3	30	34	20	11	31	37	31	13	21	18	21	19	22	19	23	21	14	1	36	35	26	11	12	23	24	22	13	32	3	33	35	29	12	34	24	25	35	4	33	13	11	17	10	20	10	25	13	16	26	15	25	0	23	5	16	15	3	32	3	12	26	22	27	29	12	11	14	18	14	20	21	27	22	19	11	12
7	10	21	12	3	15	18	25	9	16	19	18	4	1	24	1	14	13	27	8	10	10	10	11	20	14	11	14	12	9	14	25	10	15	12	19	13	4	11	24	15	15	24	14	29	7	12	18	2	20	2	10	26	22	27	12	13	11	28	23	9	13	19	10	15	19	11	17	4	14	2	17	10	21	15	22	23	0	22	14	9	20	26	24	14	10	15	9	10	11	16	10	15	9	14	5	11	2	13	12	16
15	15	3	14	22	7	7	27	27	9	16	18	21	21	25	23	22	16	29	30	15	32	12	28	2	29	33	19	10	30	36	26	12	20	14	17	15	21	18	19	16	10	5	35	30	25	10	8	22	19	21	12	28	7	29	34	28	11	29	20	24	34	4	32	9	7	13	5	19	9	24	9	12	22	10	20	5	22	0	15	14	5	28	2	8	25	21	26	28	11	6	13	17	13	15	20	26	21	15	10	8
17	24	14	25	11	19	18	39	22	21	28	29	10	13	37	13	7	1	40	15	23	17	10	24	14	27	18	4	9	15	21	38	12	5	25	29	26	10	3	30	28	21	17	20	42	20	12	20	12	31	12	14	39	15	40	19	26	10	41	31	22	19	13	17	21	19	24	17	10	10	12	20	24	33	22	32	16	14	15	0	23	14	40	17	20	24	6	22	23	11	18	13	2	11	27	9	24	12	26	11	20
6	1	13	3	12	8	10	16	13	9	12	10	13	10	15	10	23	22	18	16	1	18	13	14	13	15	19	23	14	16	22	16	11	24	4	11	4	13	20	16	6	7	16	21	20	11	11	10	11	12	11	9	17	18	18	20	14	13	19	15	10	20	15	18	8	11	2	9	13	13	11	9	3	13	8	14	15	9	14	23	0	16	17	16	7	11	24	12	14	12	8	10	24	12	5	14	12	11	4	12	9
14	17	3	19	20	12	12	32	25	14	21	23	20	19	30	21	20	15	34	28	16	30	10	26	4	27	31	17	9	29	34	31	10	19	19	22	20	19	16	24	21	15	4	34	35	24	9	13	20	24	20	10	33	2	34	32	26	10	34	25	22	33	1	30	14	12	18	10	17	7	22	14	17	27	15	25	3	20	5	14	16	0	33	4	13	24	19	24	26	9	11	11	15	11	20	18	24	19	20	9	13
23	16	30	15	29	21	22	3	18	19	22	21	30	27	3	27	40	39	3	25	17	26	30	16	30	13	26	40	31	28	26	2	28	41	15	21	14	30	37	26	12	19	33	26	3	20	28	20	28	22	28	26	1	35	4	28	14	30	2	25	18	25	32	30	19	21	16	23	30	30	28	20	16	23	18	25	32	26	28	40	17	33	0	30	20	16	41	18	17	29	22	27	41	29	13	31	16	28	14	29	20
17	17	3	15	23	9	8	29	29	11	18	19	23	23	27	25	24	18	30	31	16	34	14	30	4	30	34	20	12	32	38	28	14	22	15	19	16	22	19	20	18	11	4	37	32	27	12	10	24	21	23	14	29	5	30	35	29	13	31	21	25	36	5	34	11	9	14	7	21	10	25	10	14	23	12	22	3	24	2	17	16	4	30	0	10	27	23	27	30	13	8	14	19	15	17	22	27	22	16	12	10
8	8	10	6	14	1	4	19	19	2	9	10	14	13	18	15	20	19	21	22	7	24	10	20	10	21	25	20	11	23	28	19	8	21	6	9	7	13	17	11	9	2	13	28	23	18	8	4	14	12	14	6	20	15	21	26	20	10	22	12	16	27	12	24	1	5	5	3	11	10	16	3	4	14	3	13	12	14	8	20	7	13	20	10	0	18	21	18	20	9	2	7	21	9	8	12	18	13	7	9	2
10	10	24	12	13	19	21	15	2	20	23	21	14	11	14	11	24	23	17	9	11	10	14	3	24	4	10	24	15	12	11	15	14	25	15	22	14	14	21	27	13	18	27	10	19	4	15	21	12	23	12	14	16	25	17	12	3	14	18	26	2	9	23	14	19	22	13	20	14	17	12	20	14	24	19	25	26	10	25	24	11	24	16	27	18	0	25	2	3	15	19	13	25	13	14	15	1	12	11	15	20
18	25	20	26	12	20	19	40	23	22	29	30	11	14	38	14	1	5	41	16	24	15	11	25	19	28	15	3	11	13	15	39	13	1	26	30	27	11	4	31	29	22	23	15	43	21	13	21	13	32	13	15	40	21	41	13	27	11	42	32	23	16	18	11	22	20	25	18	11	13	13	21	25	34	23	33	22	15	21	6	24	19	41	23	21	25	0	23	24	12	19	14	4	12	28	10	25	13	27	12	21
11	11	25	12	12	19	21	17	2	20	23	22	13	10	15	10	22	21	19	8	11	9	14	3	24	5	8	22	16	10	11	16	14	24	16	22	15	12	20	27	13	18	27	10	20	2	16	21	11	23	10	14	18	26	19	10	4	15	19	26	2	9	23	12	19	22	13	21	12	17	10	21	14	24	19	26	27	9	26	22	12	24	18	27	18	2	23	0	3	15	20	13	24	13	14	13	2	11	11	16	20
13	13	27	15	13	21	24	16	1	22	25	24	14	11	14	11	23	22	18	9	14	10	16	2	26	4	9	23	18	11	9	15	16	25	18	25	17	13	21	30	15	21	30	10	19	3	18	24	12	26	11	16	17	28	18	11	3	17	18	29	5	9	25	13	21	25	16	23	13	20	11	23	16	27	21	28	29	10	28	23	14	26	17	30	20	3	24	3	0	17	22	16	25	15	16	14	3	12	14	18	22
6	13	10	14	11	8	7	28	16	10	17	18	11	10	26	12	11	10	29	19	12	21	1	17	9	18	22	11	3	20	25	27	1	13	14	18	15	10	9	19	17	10	13	25	31	15	1	9	11	20	11	3	28	11	29	23	17	2	30	20	13	24	8	21	10	8	13	6	8	3	13	9	13	22	11	21	12	11	11	11	12	9	29	13	9	15	12	15	17	0	7	2	13	2	16	9	15	10	15	1	9
9	9	9	8	16	1	2	21	21	3	10	12	15	15	19	17	18	17	23	24	9	26	8	22	8	23	27	18	10	24	30	20	6	20	8	11	9	15	16	13	10	4	11	29	24	19	6	2	16	13	15	6	22	13	23	28	22	9	23	14	18	28	10	26	3	3	7	1	13	8	18	3	6	16	4	14	11	16	6	18	8	11	22	8	2	19	19	20	22	7	0	7	20	7	9	14	20	15	9	8	2
4	11	12	13	9	6	8	26	15	8	15	17	9	9	24	11	13	12	28	17	10	20	3	16	11	16	20	13	5	18	24	25	1	15	13	16	14	8	11	18	15	9	14	23	29	13	3	8	10	18	9	1	27	13	28	21	15	4	28	19	11	22	10	20	8	9	12	8	7	4	11	8	11	21	9	19	14	10	13	13	10	11	27	14	7	13	14	13	16	2	7	0	15	2	14	8	13	8	14	3	7
19	25	16	27	12	20	20	40	24	23	30	31	11	14	39	14	5	3	42	16	25	15	12	26	15	29	16	2	10	14	19	40	14	4	27	30	28	12	4	32	30	23	19	19	44	22	14	21	13	33	14	15	41	17	42	17	28	11	43	33	24	18	14	15	22	20	26	19	12	12	14	22	25	35	24	34	18	15	17	2	24	15	41	19	21	25	4	24	25	13	20	15	0	13	29	11	26	13	28	12	21
6	13	12	14	9	8	9	28	14	10	17	18	9	8	26	10	11	10	29	17	12	19	1	15	11	16	20	11	3	18	23	27	1	13	14	18	15	8	9	19	17	10	15	23	31	13	3	9	9	20	9	3	28	13	29	21	15	2	30	20	11	22	10	19	10	10	13	8	6	5	11	9	13	22	11	21	14	9	13	11	12	11	29	15	9	13	12	13	15	2	7	2	13	0	16	7	13	8	15	3	9
10	4	18	2	17	9	9	15	15	6	9	8	18	15	14	15	27	26	14	18	4	20	17	16	17	17	21	27	19	19	24	15	15	29	2	9	1	17	25	14	1	6	20	24	15	14	15	8	16	10	15	14	13	22	17	22	16	18	14	13	12	23	19	20	7	9	3	10	17	17	15	7	4	11	5	12	20	14	15	27	5	20	13	17	8	14	28	14	16	16	9	14	29	16	0	18	14	16	3	17	8
8	15	19	17	2	13	16	30	13	14	19	21	2	4	28	4	9	8	32	10	14	12	8	16	18	18	13	9	10	11	16	29	8	11	17	20	18	2	7	22	19	13	22	16	33	12	10	16	3	22	4	8	31	20	32	14	17	9	32	23	13	15	17	12	13	17	16	15	1	12	4	15	15	25	13	23	21	5	20	9	14	18	31	22	12	15	10	13	14	9	14	8	11	7	18	0	15	3	18	10	14
11	11	25	12	14	19	21	15	2	20	23	22	15	12	13	12	24	23	17	10	11	11	14	3	24	3	10	24	16	12	11	14	14	26	16	22	15	14	22	27	13	18	27	11	18	4	16	21	13	23	12	14	16	26	17	12	2	15	17	26	2	10	23	14	19	22	13	21	14	17	12	21	14	24	19	26	27	11	26	24	12	24	16	27	18	1	25	2	3	15	20	13	26	13	14	15	0	13	11	16	20
6	12	20	14	1	14	16	27	11	15	18	18	2	1	26	3	12	11	29	9	12	12	9	13	19	16	12	12	11	10	16	27	9	13	14	17	15	2	9	22	17	13	22	15	31	9	11	16	2	20	1	9	28	21	29	13	15	10	30	21	11	14	18	12	14	17	13	16	2	12	3	16	12	22	14	21	22	2	21	12	11	19	28	22	13	12	13	11	12	10	15	8	13	8	16	3	13	0	15	11	15
10	3	17	1	16	8	10	13	13	9	12	11	17	14	11	14	26	25	14	15	4	18	16	14	16	14	18	26	18	16	22	12	14	28	5	11	4	16	24	16	2	7	20	21	16	11	15	10	15	12	14	13	13	21	14	19	13	17	15	15	9	20	19	18	8	11	2	10	17	16	15	10	3	13	8	15	19	13	15	26	4	20	14	16	7	11	27	11	14	15	9	14	28	15	3	18	11	15	0	16	9
7	13	9	15	12	8	8	28	17	11	18	19	11	11	27	13	12	10	30	20	13	22	2	18	9	19	23	11	2	20	26	28	2	12	15	18	16	11	8	20	18	11	12	25	32	15	2	9	12	21	11	3	29	10	30	24	18	1	31	21	14	24	8	22	10	8	14	7	9	2	14	10	13	23	12	22	11	12	10	11	12	9	29	12	9	15	12	16	18	1	8	3	12	3	17	10	16	11	16	0	9
10	10	10	8	16	1	2	21	21	2	9	10	16	15	20	17	20	19	21	24	9	26	10	22	10	23	27	20	11	25	30	21	8	21	6	9	7	15	17	11	9	2	13	30	23	20	8	2	16	12	16	6	20	15	23	28	22	10	22	12	18	29	12	26	1	3	7	3	13	10	18	1	6	14	3	13	12	16	8	20	9	13	20	10	2	20	21	20	22	9	2	7	21	9	8	14	20	15	9	9	0
