100
25
25
125
1
2
1000
5
60
65
10
0.67
0.8
15
1
100

0	20.32	24.44	40.76	11.54	32.44	46.89	33.71	7.34	36.49	16.72	36.15	21.47	29.48	15.15	45.77	21.93	8.73	6.59	33.29	47.18	19.53	38.58	18.14	10.77	28.23	0.97	2.45	0.73	1.48	1.43	1.54	1.4	0.7	0.38	1.83	0.1	2	1.02	2.08	2.43	1.06	0.13	1.97	1.58	1.27	1.42	0.77	1.87	0.84	2.21	0.83	1.99	2.01	0.13	1.01	2.41	1.04	0.83	1.59	2.15	1.97	1.35	1.85	1.85	1.11	2.13	1.24	2.37	1.99	0.33	0.59	0.32	1.34	0.14	1.17	2.46	1.71	2.18	1.24	0.72	0.46	2.4	1.89	2.38	1.68	0.47	0.72	0.15	0.11	0.7	0.43	1.69	2.26	0.88	0.25	1.98	1.17	1.72	1.71	1.05

0	0.25	0.25	0.25	0.25	0.25	0.25	0.25	0.25	0.25	0.25	0.25	0.25	0.25	0.25	0.25	0.25	0.25	0.25	0.25	0.25	0.25	0.25	0.25	0.25	0.25	0.08	0.08	0.08	0.08	0.08	0.08	0.08	0.08	0.08	0.08	0.08	0.08	0.08	0.08	0.08	0.08	0.08	0.08	0.08	0.08	0.08	0.08	0.08	0.08	0.08	0.08	0.08	0.08	0.08	0.08	0.08	0.08	0.08	0.08	0.08	0.08	0.08	0.08	0.08	0.08	0.08	0.08	0.08	0.08	0.08	0.08	0.08	0.08	0.08	0.08	0.08	0.08	0.08	0.08	0.08	0.08	0.08	0.08	0.08	0.08	0.08	0.08	0.08	0.08	0.08	0.08	0.08	0.08	0.08	0.08	0.08	0.08	0.08	0.08	0.08

0	33.6	0	17.4	33.8	0	17	14.6	0	0	17.8	0	0	0	9.8	17.2	11.8	0	0	19.6	12.6	0	14.6	22.8	14.6	0	0	33.6	33	0	0	0	5	18.2	0	0	0	5.4	0	17.4	0	11.6	0	16.4	33.8	23.4	6.8	0	0	27.8	26.4	0	8	3.6	0	0	0	11.4	5.4	0	0	0	12.2	0	29.4	29.8	12.6	5.8	27.8	0	0	0	0	12.8	0	24	31.2	0	8.2	0	0	15	0	0	0	26.6	0	0	0	17.4	25.2	0	10.2	36	0	0	0	0	16.6	17	9.6

46	39.6	37	23.4	39.8	39.4	23	20.6	40.8	41.6	23.8	38.4	42.2	39.2	15.8	23.2	17.8	37.2	41	25.6	18.6	38	20.6	28.8	20.6	39.6	42.6	39.6	39	39.2	38.8	37.4	11	24.2	36.8	37	38.6	11.4	40.4	23.4	38.8	17.6	39.6	22.4	39.8	29.4	12.8	38.4	41.6	33.8	32.4	40.6	14	9.6	40.2	39.4	36	17.4	11.4	39.2	37.6	41	18.2	37.4	35.4	35.8	18.6	11.8	33.8	39.6	40.8	36.8	39.6	18.8	37.4	30	37.2	39.8	14.2	39.4	41.4	21	40.4	38	38.4	32.6	39.8	36.6	38	23.4	31.2	40.4	16.2	42	37	40.4	40.8	40.2	22.6	23	15.6

0	10	11	9	16	13	13	15	14	9	12	7	10	18	17	8	22	8	14	18	18	14	24	7	27	17	5	3	18	10	19	22	18	16	23	13	6	5	15	15	18	20	13	7	7	11	20	16	7	15	9	4	2	16	12	14	12	12	5	16	7	9	4	9	19	12	6	16	15	7	10	14	17	6	12	17	19	15	16	7	13	9	15	20	10	13	13	10	11	15	17	13	19	10	22	4	1	13	15	8	8
10	0	21	8	17	3	18	16	15	6	13	6	11	19	16	7	23	18	15	27	27	4	15	17	28	18	5	13	19	17	20	23	19	17	24	23	10	6	16	13	19	11	14	4	3	15	10	11	12	6	1	7	10	17	10	10	11	22	8	17	13	3	13	19	20	13	4	17	12	17	13	22	18	15	22	10	9	16	26	3	14	10	16	21	20	12	11	9	5	15	7	14	20	11	23	14	9	14	16	9	18
11	21	0	13	18	24	15	17	16	19	14	15	12	20	15	17	24	3	16	8	7	24	35	4	29	19	16	8	20	12	21	24	20	18	25	11	11	15	17	26	20	31	15	17	18	9	30	27	9	26	20	14	11	18	23	25	11	4	13	21	8	19	8	2	21	16	17	18	25	9	12	16	19	6	7	28	29	17	12	18	15	19	17	22	11	14	23	18	22	26	28	20	23	18	24	7	12	15	18	16	5
9	8	13	0	25	11	21	23	22	14	20	2	18	26	8	5	30	10	22	19	19	12	23	9	35	25	13	8	27	18	27	30	27	25	31	17	3	4	23	20	27	19	22	5	7	7	18	19	15	14	8	7	11	24	17	18	4	14	14	24	5	10	5	11	27	20	8	24	19	15	19	22	25	13	14	17	17	24	18	5	21	17	24	29	17	5	18	5	9	22	15	21	27	18	30	11	9	22	23	16	11
16	17	18	25	0	15	9	2	3	11	5	23	7	2	33	24	6	21	3	19	19	20	23	16	11	2	12	17	2	9	3	6	6	5	7	14	22	21	4	14	2	19	6	21	18	27	18	15	10	14	18	18	14	2	11	13	28	15	11	9	23	15	20	19	7	5	17	9	13	10	6	14	2	12	13	16	17	3	18	20	4	8	1	4	11	29	11	26	22	14	16	8	11	7	9	14	16	4	6	9	14
13	3	24	11	15	0	21	14	13	5	11	9	13	16	18	9	21	21	13	30	30	5	12	20	26	16	8	16	17	20	18	21	17	16	22	26	13	9	14	11	17	9	17	7	6	18	7	9	15	4	4	10	13	14	7	8	13	25	11	14	16	5	16	22	18	11	7	20	9	20	16	25	16	18	25	7	6	15	29	6	11	7	14	19	23	14	9	12	7	13	4	12	17	8	20	17	12	15	14	8	21
13	18	15	21	9	21	0	9	10	16	10	19	8	9	29	20	10	17	12	10	13	21	32	13	15	11	13	14	11	3	10	13	15	5	11	5	18	18	13	23	7	28	4	18	15	23	27	24	6	23	17	14	11	11	20	22	24	11	10	18	19	16	16	15	6	13	14	3	22	6	5	5	11	9	8	25	26	6	9	16	11	16	10	8	4	25	20	23	19	23	25	17	20	15	18	10	13	6	15	13	10
15	16	17	23	2	14	9	0	1	10	3	21	5	3	31	23	7	20	3	19	19	18	23	15	12	2	11	16	4	9	4	7	6	5	8	14	21	20	4	14	4	19	6	20	17	26	18	15	8	14	17	16	13	2	11	13	27	13	10	9	22	13	18	18	7	4	15	9	13	8	5	14	2	11	13	16	17	3	18	18	3	7	1	6	11	28	11	25	20	14	16	8	11	6	9	13	15	4	6	8	12
14	15	16	22	3	13	10	1	0	9	2	20	4	4	30	22	8	19	2	19	19	17	23	14	13	3	10	15	5	9	5	8	6	5	9	15	20	19	3	14	5	19	6	19	16	25	18	15	7	14	16	15	12	2	10	12	26	14	9	9	21	12	17	17	7	4	14	9	13	9	5	14	3	10	14	16	17	4	18	17	2	7	2	7	12	27	11	24	19	14	15	8	10	5	9	12	14	4	5	7	11
9	6	19	14	11	5	16	10	9	0	7	12	8	13	22	13	17	17	9	26	26	9	16	15	22	12	4	12	13	16	14	17	13	12	18	21	11	10	10	7	13	12	13	10	7	16	11	8	11	7	7	7	9	11	4	6	17	20	7	11	12	4	12	17	14	7	6	16	6	15	12	21	12	14	20	9	10	10	25	9	8	4	10	15	18	18	5	15	11	9	9	8	14	5	17	12	8	11	10	3	17
12	13	14	20	5	11	10	3	2	7	0	18	2	6	28	20	10	17	2	19	19	15	23	12	15	5	8	13	7	9	7	10	7	5	11	15	18	17	3	14	7	19	6	17	14	23	18	15	5	14	14	13	10	4	10	12	24	14	7	9	19	10	15	15	7	4	12	9	13	9	5	14	5	8	14	16	17	4	18	15	2	7	4	9	12	25	11	22	17	14	15	8	10	5	10	10	12	4	5	5	10
7	6	15	2	23	9	19	21	20	12	18	0	16	24	10	3	28	12	20	21	21	10	21	11	33	23	11	7	25	16	25	28	25	23	29	17	4	2	21	18	25	17	20	3	5	9	16	17	13	12	6	5	9	22	15	16	6	16	12	22	7	8	7	13	25	18	6	22	17	13	17	20	23	11	16	15	15	22	20	3	19	15	22	27	15	7	16	4	7	20	13	19	25	16	28	9	7	20	21	14	12
10	11	12	18	7	13	8	5	4	8	2	16	0	8	26	18	12	15	4	18	18	13	24	10	17	7	6	11	9	8	9	12	9	7	13	13	16	15	5	15	9	20	5	15	12	21	19	16	3	15	12	11	8	6	12	14	22	12	5	10	17	8	13	13	9	5	10	8	14	7	4	13	7	6	12	17	18	6	17	13	3	8	6	11	10	23	12	20	15	15	17	9	12	7	12	8	10	4	7	5	9
18	19	20	26	2	16	9	3	4	13	6	24	8	0	34	25	5	22	4	19	19	21	23	18	10	2	14	19	2	9	2	5	6	5	6	14	23	23	4	14	2	19	6	23	20	28	18	15	11	14	19	19	16	2	11	13	29	16	13	9	24	16	21	20	7	6	18	9	13	11	8	14	2	14	13	16	17	3	18	21	5	9	3	3	11	30	11	28	23	14	16	8	11	8	9	15	18	5	6	10	15
17	16	15	8	33	18	29	31	30	22	28	10	26	34	0	9	38	12	30	22	16	15	26	17	43	33	21	16	35	26	35	38	35	33	39	25	11	12	31	28	35	27	30	12	15	6	23	27	23	22	15	15	19	32	25	26	5	18	22	32	10	18	13	14	35	28	16	32	27	23	27	30	33	21	22	25	20	32	26	13	29	25	32	37	25	5	26	9	13	30	19	29	35	26	38	19	17	30	31	24	19
8	7	17	5	24	9	20	23	22	13	20	3	18	25	9	0	30	15	22	24	24	7	18	13	35	25	12	10	26	17	27	30	26	24	31	19	6	3	23	20	26	18	21	3	6	11	14	18	15	13	6	7	10	23	16	17	7	18	13	23	10	10	10	15	26	20	8	23	18	15	18	21	25	12	18	16	12	23	23	5	20	16	23	28	16	5	18	3	5	22	11	21	26	17	29	10	8	21	23	15	15
22	23	24	30	6	21	10	7	8	17	10	28	12	5	38	30	0	27	8	20	23	25	22	22	5	5	18	23	4	13	3	3	5	6	4	15	28	27	7	13	4	18	9	27	24	33	17	14	15	17	24	23	20	7	14	13	34	20	17	8	29	20	25	25	8	10	22	10	12	15	12	15	5	18	17	15	20	7	19	25	10	14	7	3	14	35	12	32	27	13	21	9	10	13	8	20	22	9	7	15	19
8	18	3	10	21	21	17	20	19	17	17	12	15	22	12	15	27	0	19	10	10	22	32	5	32	22	13	5	23	14	24	27	23	21	28	14	9	12	20	23	23	28	18	15	15	6	28	24	12	23	17	12	8	20	20	22	8	7	10	20	5	17	5	2	23	17	14	20	23	12	15	18	22	9	10	25	27	20	14	15	17	17	20	25	13	11	21	15	19	23	25	18	23	15	26	7	9	18	20	14	8
14	15	16	22	3	13	12	3	2	9	2	20	4	4	30	22	8	19	0	21	21	17	21	14	13	3	10	15	5	11	5	8	5	7	9	17	20	19	1	12	5	17	8	19	16	25	16	13	7	12	16	15	12	2	8	10	26	16	9	7	21	12	17	17	9	2	14	11	11	11	7	16	3	10	16	14	15	6	20	17	2	6	2	7	14	27	9	24	19	12	13	6	8	5	8	12	14	6	3	7	12
18	27	8	19	19	30	10	19	19	26	19	21	18	19	22	24	20	10	21	0	6	31	42	11	22	20	22	15	21	10	20	23	25	14	18	5	18	21	22	33	17	38	13	24	24	16	37	34	16	33	27	21	18	21	29	31	17	6	19	28	14	26	14	9	13	23	23	10	32	11	14	8	21	12	6	35	36	16	4	24	21	26	20	18	8	20	30	24	28	33	34	27	29	24	28	14	18	15	24	23	10
18	27	7	19	19	30	13	19	19	26	19	21	18	19	16	24	23	10	21	6	0	31	42	11	28	20	22	15	21	10	20	23	25	17	24	10	18	21	22	33	19	38	14	24	24	13	37	34	16	33	27	21	18	21	29	31	17	6	19	28	14	26	14	9	19	23	23	16	32	11	14	14	21	12	6	35	36	16	10	24	21	26	20	21	9	20	30	24	28	33	34	27	29	24	28	14	18	15	24	23	10
14	4	24	12	20	5	21	18	17	9	15	10	13	21	15	7	25	22	17	31	31	0	11	20	30	20	9	17	22	21	22	25	22	20	26	26	13	10	18	15	22	14	18	7	7	18	10	14	16	9	5	10	14	19	12	13	14	25	12	19	17	5	17	22	22	15	8	21	14	20	17	26	20	19	25	12	5	19	30	7	16	12	19	24	23	11	13	7	3	17	5	16	22	13	25	17	13	17	18	11	22
24	15	35	23	23	12	32	23	23	16	23	21	24	23	26	18	22	32	21	42	42	11	0	31	21	22	20	27	21	32	22	19	17	28	26	37	24	21	20	9	25	4	29	18	18	29	5	8	26	9	15	21	24	21	13	11	25	36	23	14	28	16	28	33	29	19	19	32	10	31	28	36	21	30	36	7	6	26	40	18	21	16	22	24	34	22	12	18	14	9	8	15	13	18	16	28	24	27	18	19	32
7	17	4	9	16	20	13	15	14	15	12	11	10	18	17	13	22	5	14	11	11	20	31	0	27	17	12	4	18	10	19	22	18	16	23	9	7	11	15	22	18	27	13	13	14	11	26	23	7	22	16	10	7	16	19	21	12	5	9	17	7	15	4	3	19	12	13	16	21	7	10	14	17	4	5	24	25	15	10	14	13	15	15	20	9	13	19	14	18	22	24	16	19	14	22	3	8	13	15	12	3
27	28	29	35	11	26	15	12	13	22	15	33	17	10	43	35	5	32	13	22	28	30	21	27	0	10	23	28	9	18	8	5	9	11	5	18	33	32	12	15	9	17	14	32	29	38	21	17	20	22	29	28	25	12	19	18	39	25	22	12	34	25	30	30	9	15	27	12	17	20	17	16	10	23	22	19	25	12	20	30	15	19	12	7	19	40	17	37	32	13	26	14	9	18	7	25	27	14	12	20	24
17	18	19	25	2	16	11	2	3	12	5	23	7	2	33	25	5	22	3	20	20	20	22	17	10	0	13	18	2	10	2	5	5	6	6	16	23	22	2	13	4	18	7	22	19	28	17	14	10	13	19	18	15	2	9	11	29	15	12	8	24	15	20	20	8	5	17	10	12	10	7	15	1	13	15	15	16	5	19	20	5	9	2	4	13	30	10	27	22	13	16	7	9	8	8	15	17	5	4	10	14
5	5	16	13	12	8	13	11	10	4	8	11	6	14	21	12	18	13	10	22	22	9	20	12	23	13	0	8	14	12	15	18	14	12	19	18	10	9	11	11	14	16	9	9	6	15	15	12	7	11	6	6	5	12	7	9	16	17	3	12	11	4	8	14	15	8	5	12	10	12	8	17	13	10	17	13	14	11	21	8	9	5	11	16	15	17	8	14	10	11	12	9	15	6	18	9	4	9	11	4	13
3	13	8	8	17	16	14	16	15	12	13	7	11	19	16	10	23	5	15	15	15	17	27	4	28	18	8	0	19	11	20	23	19	17	24	10	5	7	16	18	19	23	14	10	10	10	23	19	8	18	12	7	3	17	15	17	11	9	6	17	6	12	3	6	20	13	9	17	18	8	11	15	18	5	9	20	22	16	13	10	14	12	16	21	10	12	16	10	14	18	20	14	20	11	23	4	4	14	16	9	5
18	19	20	27	2	17	11	4	5	13	7	25	9	2	35	26	4	23	5	21	21	22	21	18	9	2	14	19	0	11	2	4	4	7	5	16	24	23	4	12	4	17	8	23	20	29	16	13	12	13	20	20	16	3	10	11	30	17	13	7	25	17	22	21	9	7	19	11	11	12	8	16	2	14	15	14	17	5	20	22	6	10	3	4	13	31	9	28	24	12	17	6	9	9	7	16	18	6	4	11	16
10	17	12	18	9	20	3	9	9	16	9	16	8	9	26	17	13	14	11	10	10	21	32	10	18	10	12	11	11	0	10	13	15	7	14	6	15	15	12	23	9	28	4	15	14	20	27	24	6	23	17	11	8	11	19	21	21	8	9	18	16	16	13	12	9	13	13	6	22	3	4	5	11	6	5	25	26	6	9	14	11	16	10	11	3	22	20	20	18	23	24	17	19	14	18	7	10	5	14	13	7
19	20	21	27	3	18	10	4	5	14	7	25	9	2	35	27	3	24	5	20	20	22	22	19	8	2	15	20	2	10	0	3	6	6	4	15	25	24	4	13	3	18	7	24	21	30	18	14	12	14	21	20	17	4	11	12	31	17	14	8	26	17	22	22	7	7	19	10	13	12	9	14	2	15	14	15	17	4	18	22	7	11	4	2	12	32	11	29	24	13	18	8	10	10	8	17	19	6	5	12	16
22	23	24	30	6	21	13	7	8	17	10	28	12	5	38	30	3	27	8	23	23	25	19	22	5	5	18	23	4	13	3	0	4	9	7	18	28	27	7	10	6	15	10	27	24	33	16	12	15	17	24	23	20	7	14	13	34	20	17	7	29	20	25	25	10	10	22	13	12	15	12	17	5	18	17	14	20	7	21	25	10	14	7	5	15	35	12	32	27	10	21	9	7	13	5	20	22	9	7	15	19
18	19	20	27	6	17	15	6	6	13	7	25	9	6	35	26	5	23	5	25	25	22	17	18	9	5	14	19	4	15	6	4	0	11	9	20	24	23	4	8	8	13	12	23	20	29	12	9	12	13	20	20	16	4	10	9	30	19	13	3	25	17	22	21	13	7	19	15	8	14	11	20	4	14	19	10	17	9	24	22	6	10	5	8	17	31	9	28	24	8	17	6	5	9	4	16	18	10	4	11	16
16	17	18	25	5	16	5	5	5	12	5	23	7	5	33	24	6	21	7	14	17	20	28	16	11	6	12	17	7	7	6	9	11	0	7	10	22	21	8	19	3	24	3	21	18	27	23	20	10	19	18	18	14	7	15	17	28	15	11	14	23	15	20	19	3	9	17	4	18	10	6	9	7	12	11	21	22	2	13	20	7	12	6	4	8	29	16	26	22	19	20	13	15	10	14	14	16	3	10	9	14
23	24	25	31	7	22	11	8	9	18	11	29	13	6	39	31	4	28	9	18	24	26	26	23	5	6	19	24	5	14	4	7	9	7	0	14	29	28	8	17	5	22	10	28	25	34	21	18	16	18	25	24	21	8	15	15	35	21	18	12	30	21	26	26	5	11	23	8	16	16	13	11	6	19	18	19	21	8	15	26	11	15	8	3	15	36	14	33	28	17	22	11	13	14	12	21	23	10	8	16	20
13	23	11	17	14	26	5	14	15	21	15	17	13	14	25	19	15	14	17	5	10	26	37	9	18	16	18	10	16	6	15	18	20	10	14	0	15	17	18	28	12	33	9	19	20	20	32	29	11	28	22	16	13	16	25	27	21	7	15	23	16	21	12	12	10	18	19	7	27	6	10	5	16	8	4	30	31	11	4	20	16	21	15	13	3	22	25	20	24	28	30	22	25	20	23	9	14	11	20	18	6
6	10	11	3	22	13	18	21	20	11	18	4	16	23	11	6	28	9	20	18	18	13	24	7	33	23	10	5	24	15	25	28	24	22	29	15	0	4	21	18	24	20	19	6	7	5	19	16	13	15	9	5	8	21	14	15	6	12	11	21	4	8	4	9	24	18	6	21	16	13	16	19	23	10	12	17	18	21	17	7	18	14	21	26	14	7	16	7	11	20	17	19	24	15	27	8	6	19	21	13	9
5	6	15	4	21	9	18	20	19	10	17	2	15	23	12	3	27	12	19	21	21	10	21	11	32	22	9	7	23	15	24	27	23	21	28	17	4	0	20	17	23	17	18	3	3	9	16	15	12	12	6	4	7	21	14	14	7	16	10	21	7	7	7	13	24	17	5	21	16	12	15	19	22	9	16	14	15	20	20	3	18	14	20	25	14	8	15	5	7	19	13	18	24	15	27	8	5	18	20	13	12
15	16	17	23	4	14	13	4	3	10	3	21	5	4	31	23	7	20	1	22	22	18	20	15	12	2	11	16	4	12	4	7	4	8	8	18	21	20	0	11	6	16	9	20	17	26	15	12	8	11	17	16	13	2	7	9	27	17	10	6	22	13	18	18	10	3	15	12	10	12	8	17	2	11	17	13	14	7	21	18	3	7	3	6	15	28	8	25	20	11	14	5	7	6	7	13	15	7	2	8	13
15	13	26	20	14	11	23	14	14	7	14	18	15	14	28	20	13	23	12	33	33	15	9	22	15	13	11	18	12	23	13	10	8	19	17	28	18	17	11	0	16	5	20	17	14	23	6	2	17	7	14	13	15	12	4	3	24	27	14	5	19	10	19	24	20	10	12	23	2	22	19	27	12	21	27	4	10	17	31	15	12	7	13	15	25	25	3	22	17	2	11	6	7	9	10	19	15	18	9	10	23
18	19	20	27	2	17	7	4	5	13	7	25	9	2	35	26	4	23	5	17	19	22	25	18	9	4	14	19	4	9	3	6	8	3	5	12	24	23	6	16	0	21	5	23	20	29	20	17	12	16	20	20	16	4	13	15	30	17	13	11	25	17	22	21	5	7	19	7	15	12	8	12	4	14	13	18	19	3	16	22	6	10	3	2	10	31	13	28	24	16	18	10	13	9	11	16	18	5	8	11	16
20	11	31	19	19	9	28	19	19	12	19	17	20	19	27	18	18	28	17	38	38	14	4	27	17	18	16	23	17	28	18	15	13	24	22	33	20	17	16	5	21	0	25	15	14	25	4	4	22	5	12	17	20	17	9	7	22	32	19	10	24	12	24	29	25	15	15	28	6	27	24	32	17	26	32	3	9	22	36	14	17	12	18	20	30	23	8	20	16	5	9	11	9	14	12	24	20	23	14	15	28
13	14	15	22	6	17	4	6	6	13	6	20	5	6	30	21	9	18	8	13	14	18	29	13	14	7	9	14	8	4	7	10	12	3	10	9	19	18	9	20	5	25	0	18	15	24	24	21	7	20	15	15	11	8	16	18	25	12	8	15	20	13	17	16	6	10	14	3	19	7	3	8	8	9	8	22	23	3	12	17	8	13	7	7	6	26	17	23	19	20	21	14	16	11	15	11	13	2	11	10	11
7	4	17	5	21	7	18	20	19	10	17	3	15	23	12	3	27	15	19	24	24	7	18	13	32	22	9	10	23	15	24	27	23	21	28	19	6	3	20	17	23	15	18	0	3	11	13	15	12	10	4	4	7	21	14	14	7	18	10	21	10	7	10	15	24	17	5	21	16	13	15	19	22	12	18	14	12	20	23	2	18	14	20	25	16	8	15	5	5	19	11	18	24	15	27	10	6	18	20	13	15
7	3	18	7	18	6	15	17	16	7	14	5	12	20	15	6	24	15	16	24	24	7	18	14	29	19	6	10	20	14	21	24	20	18	25	20	7	3	17	14	20	14	15	3	0	12	13	12	9	9	3	4	7	18	11	11	10	19	7	18	10	4	10	16	21	14	2	18	13	14	12	19	19	12	19	11	12	17	23	2	15	11	17	22	17	11	12	8	4	16	10	15	21	12	24	11	6	15	17	10	15
11	15	9	7	27	18	23	26	25	16	23	9	21	28	6	11	33	6	25	16	13	18	29	11	38	28	15	10	29	20	30	33	29	27	34	20	5	9	26	23	29	25	24	11	12	0	24	21	18	20	14	10	13	26	19	20	5	13	16	26	4	13	8	8	29	23	11	26	21	18	21	24	28	15	16	22	23	26	20	12	23	19	26	31	19	8	21	12	16	25	22	24	29	20	32	13	11	24	26	18	14
20	10	30	18	18	7	27	18	18	11	18	16	19	18	23	14	17	28	16	37	37	10	5	26	21	17	15	23	16	27	18	16	12	23	21	32	19	16	15	6	20	4	24	13	13	24	0	4	22	5	11	16	20	16	8	6	20	31	18	10	23	11	23	28	25	15	14	27	5	26	23	32	16	25	31	3	5	21	36	13	17	11	17	20	29	19	7	16	12	8	5	10	13	13	16	23	19	22	13	14	28
16	11	27	19	15	9	24	15	15	8	15	17	16	15	27	18	14	24	13	34	34	14	8	23	17	14	12	19	13	24	14	12	9	20	18	29	16	15	12	2	17	4	21	15	12	21	4	0	18	5	12	13	16	13	5	3	22	28	15	6	20	9	20	25	21	11	11	24	2	23	20	28	13	22	28	2	9	18	32	14	13	8	14	16	26	23	4	20	16	4	9	7	9	10	12	20	16	19	10	11	24
7	12	9	15	10	15	6	8	7	11	5	13	3	11	23	15	15	12	7	16	16	16	26	7	20	10	7	8	12	6	12	15	12	10	16	11	13	12	8	17	12	22	7	12	9	18	22	18	0	17	11	8	5	9	14	16	19	10	4	12	14	11	10	10	12	7	8	9	17	5	4	10	10	4	10	19	21	9	14	10	6	11	9	14	8	20	15	17	13	17	19	12	14	9	15	5	7	7	9	8	6
15	6	26	14	14	4	23	14	14	7	14	12	15	14	22	13	17	23	12	33	33	9	9	22	22	13	11	18	13	23	14	17	13	19	18	28	15	12	11	7	16	5	20	10	9	20	5	5	17	0	7	12	15	12	4	4	17	27	14	11	19	7	19	24	20	10	10	23	6	22	19	27	12	21	27	4	4	17	31	9	12	7	13	15	25	18	5	15	11	9	4	8	14	9	17	19	15	18	10	10	23
9	1	20	8	18	4	17	17	16	7	14	6	12	19	15	6	24	17	16	27	27	5	15	16	29	19	6	12	20	17	21	24	20	18	25	22	9	6	17	14	20	12	15	4	3	14	11	12	11	7	0	6	9	17	10	11	10	21	8	17	13	4	13	18	20	14	4	17	12	16	13	21	19	15	21	10	10	17	25	3	14	10	17	22	19	11	12	9	4	16	8	15	20	11	23	13	9	15	17	9	17
4	7	14	7	18	10	14	16	15	7	13	5	11	19	15	7	23	12	15	21	21	10	21	10	28	18	6	7	20	11	20	23	20	18	24	16	5	4	16	13	20	17	15	4	4	10	16	13	8	12	6	0	4	17	10	11	11	15	7	17	7	5	7	12	20	13	3	17	12	10	12	16	18	9	15	14	15	17	20	4	14	10	17	22	13	12	11	9	8	15	14	14	20	11	23	7	3	15	16	9	12
2	10	11	11	14	13	11	13	12	9	10	9	8	16	19	10	20	8	12	18	18	14	24	7	25	15	5	3	16	8	17	20	16	14	21	13	8	7	13	15	16	20	11	7	7	13	20	16	5	15	9	4	0	14	12	14	14	12	3	14	9	9	6	9	17	10	6	14	15	7	8	12	15	6	12	17	19	13	16	7	11	9	13	18	10	15	13	12	11	15	17	11	17	8	20	4	2	11	13	6	8
16	17	18	24	2	14	11	2	2	11	4	22	6	2	32	23	7	20	2	21	21	19	21	16	12	2	12	17	3	11	4	7	4	7	8	16	21	21	2	12	4	17	8	21	18	26	16	13	9	12	17	17	14	0	9	11	27	15	11	7	22	14	19	18	9	4	16	11	11	10	7	16	2	12	15	14	15	5	20	19	3	7	1	5	13	28	9	26	21	12	14	6	9	6	7	13	16	6	4	8	13
12	10	23	17	11	7	20	11	10	4	10	15	12	11	25	16	14	20	8	29	29	12	13	19	19	9	7	15	10	19	11	14	10	15	15	25	14	14	7	4	13	9	16	14	11	19	8	5	14	4	10	10	12	9	0	2	20	24	10	7	15	7	15	21	17	7	9	19	3	19	15	24	9	17	24	6	7	14	28	12	9	4	10	12	22	21	2	19	14	6	7	5	10	5	13	16	11	14	7	7	20
14	10	25	18	13	8	22	13	12	6	12	16	14	13	26	17	13	22	10	31	31	13	11	21	18	11	9	17	11	21	12	13	9	17	15	27	15	14	9	3	15	7	18	14	11	20	6	3	16	4	11	11	14	11	2	0	21	26	12	7	17	8	17	23	19	9	10	21	2	21	17	26	11	19	26	4	8	16	30	13	11	6	12	14	24	22	2	19	15	5	8	5	10	7	13	18	13	16	7	9	22
12	11	11	4	28	13	24	27	26	17	24	6	22	29	5	7	34	8	26	17	17	14	25	12	39	29	16	11	30	21	31	34	30	28	35	21	6	7	27	24	30	22	25	7	10	5	20	22	19	17	10	11	14	27	20	21	0	14	17	27	5	14	9	9	30	24	12	27	22	19	22	25	29	16	17	20	19	27	21	9	24	20	27	32	20	3	22	7	11	26	17	25	30	21	33	14	12	25	27	19	15
12	22	4	14	15	25	11	13	14	20	14	16	12	16	18	18	20	7	16	6	6	25	36	5	25	15	17	9	17	8	17	20	19	15	21	7	12	16	17	27	17	32	12	18	19	13	31	28	10	27	21	15	12	15	24	26	14	0	14	22	9	20	9	5	17	17	18	14	26	5	9	12	15	7	4	29	30	14	8	19	15	20	14	19	7	15	24	19	23	27	29	21	24	19	22	8	13	12	19	17	4
5	8	13	14	11	11	10	10	9	7	7	12	5	13	22	13	17	10	9	19	19	12	23	9	22	12	3	6	13	9	14	17	13	11	18	15	11	10	10	14	13	19	8	10	7	16	18	15	4	14	8	7	3	11	10	12	17	14	0	11	12	7	9	11	14	7	6	11	13	9	5	14	12	7	14	16	17	10	18	9	8	7	10	15	12	18	11	15	11	14	15	8	14	5	17	6	5	8	10	4	10
16	17	21	24	9	14	18	9	9	11	9	22	10	9	32	23	8	20	7	28	28	19	14	17	12	8	12	17	7	18	8	7	3	14	12	23	21	21	6	5	11	10	15	21	18	26	10	6	12	11	17	17	14	7	7	7	27	22	11	0	22	14	19	19	15	5	16	18	5	17	14	22	7	16	22	7	14	12	26	19	7	7	8	10	20	28	6	26	21	5	14	3	3	6	6	14	16	13	4	8	18
7	13	8	5	23	16	19	22	21	12	19	7	17	24	10	10	29	5	21	14	14	17	28	7	34	24	11	6	25	16	26	29	25	23	30	16	4	7	22	19	25	24	20	10	10	4	23	20	14	19	13	7	9	22	15	17	5	9	12	22	0	12	4	6	25	19	9	22	18	14	17	20	24	11	12	21	22	22	16	10	19	15	22	27	15	6	17	10	14	21	20	20	25	16	28	9	7	20	22	14	10
9	3	19	10	15	5	16	13	12	4	10	8	8	16	18	10	20	17	12	26	26	5	16	15	25	15	4	12	17	16	17	20	17	15	21	21	8	7	13	10	17	12	13	7	4	13	11	9	11	7	4	5	9	14	7	8	14	20	7	14	12	0	12	17	17	10	3	16	9	15	12	21	15	14	20	9	10	14	25	5	11	7	14	19	18	15	8	12	7	12	9	11	17	8	20	12	8	12	13	6	17
4	13	8	5	20	16	16	18	17	12	15	7	13	21	13	10	25	5	17	14	14	17	28	4	30	20	8	3	22	13	22	25	22	20	26	12	4	7	18	19	22	24	17	10	10	8	23	20	10	19	13	7	6	19	15	17	9	9	9	19	4	12	0	6	22	15	9	19	18	10	14	17	20	8	9	21	22	19	13	10	16	12	19	24	12	10	16	10	14	19	20	16	22	13	25	6	4	17	18	11	6
9	19	2	11	19	22	15	18	17	17	15	13	13	20	14	15	25	2	17	9	9	22	33	3	30	20	14	6	21	12	22	25	21	19	26	12	9	13	18	24	21	29	16	15	16	8	28	25	10	24	18	12	9	18	21	23	9	5	11	19	6	17	6	0	21	15	15	18	23	10	13	16	20	7	8	26	27	18	12	16	15	17	18	23	11	12	21	16	20	24	26	18	21	16	24	5	10	16	18	14	6
19	20	21	27	7	18	6	7	7	14	7	25	9	7	35	26	8	23	9	13	19	22	29	19	9	8	15	20	9	9	7	10	13	3	5	10	24	24	10	20	5	25	6	24	21	29	25	21	12	20	20	20	17	9	17	19	30	17	14	15	25	17	22	21	0	10	19	3	20	12	9	7	9	15	14	22	24	4	11	22	8	14	8	5	10	31	18	29	24	20	22	15	17	12	15	16	19	6	12	11	16
12	13	16	20	5	11	13	4	4	7	4	18	5	6	28	20	10	17	2	23	23	15	19	12	15	5	8	13	7	13	7	10	7	9	11	18	18	17	3	10	7	15	10	17	14	23	15	11	7	10	14	13	10	4	7	9	24	17	7	5	19	10	15	15	10	0	12	13	10	12	9	17	5	11	17	12	14	7	21	15	2	4	4	9	15	25	8	22	17	10	12	5	7	3	10	10	12	8	3	5	13
6	4	17	8	17	7	14	15	14	6	12	6	10	18	16	8	22	14	14	23	23	8	19	13	27	17	5	9	19	13	19	22	19	17	23	19	6	5	15	12	19	15	14	5	2	11	14	11	8	10	4	3	6	16	9	10	12	18	6	16	9	3	9	15	19	12	0	16	11	13	11	18	17	11	18	12	13	16	22	3	13	9	16	21	16	13	10	10	5	14	11	13	19	10	22	10	5	14	15	8	14
16	17	18	24	9	20	3	9	9	16	9	22	8	9	32	23	10	20	11	10	16	21	32	16	12	10	12	17	11	6	10	13	15	4	8	7	21	21	12	23	7	28	3	21	18	26	27	24	9	23	17	17	14	11	19	21	27	14	11	18	22	16	19	18	3	13	16	0	22	9	6	5	11	12	11	25	26	6	9	19	11	16	10	8	7	28	20	26	21	23	24	17	19	14	18	13	16	5	14	13	13
15	12	25	19	13	9	22	13	13	6	13	17	14	13	27	18	12	23	11	32	32	14	10	21	17	12	10	18	11	22	13	12	8	18	16	27	16	16	10	2	15	6	19	16	13	21	5	2	17	6	12	12	15	11	3	2	22	26	13	5	18	9	18	23	20	10	11	22	0	21	18	27	11	20	26	3	9	16	31	14	12	6	12	15	24	23	2	21	16	4	9	5	8	8	11	18	14	17	8	9	23
7	17	9	15	10	20	6	8	9	15	9	13	7	11	23	15	15	12	11	11	11	20	31	7	20	10	12	8	12	3	12	15	14	10	16	6	13	12	12	22	12	27	7	13	14	18	26	23	5	22	16	10	7	10	19	21	19	5	9	17	14	15	10	10	12	12	13	9	21	0	4	7	10	3	5	24	25	9	10	14	10	15	9	14	3	20	19	17	18	22	24	16	19	14	17	5	8	7	14	12	4
10	13	12	19	6	16	5	5	5	12	5	17	4	8	27	18	12	15	7	14	14	17	28	10	17	7	8	11	8	4	9	12	11	6	13	10	16	15	8	19	8	24	3	15	12	21	23	20	4	19	13	12	8	7	15	17	22	9	5	14	17	12	14	13	9	9	11	6	18	4	0	9	7	6	9	21	22	5	13	14	7	12	6	10	7	23	16	20	16	19	20	13	15	10	14	8	10	3	10	9	8
14	22	16	22	14	25	5	14	14	21	14	20	13	14	30	21	15	18	16	8	14	26	36	14	16	15	17	15	16	5	14	17	20	9	11	5	19	19	17	27	12	32	8	19	19	24	32	28	10	27	21	16	12	16	24	26	25	12	14	22	20	21	17	16	7	17	18	5	27	7	9	0	16	10	9	29	31	11	4	19	15	21	15	12	5	26	25	24	23	27	29	22	24	19	22	11	14	10	19	18	11
17	18	19	25	2	16	11	2	3	12	5	23	7	2	33	25	5	22	3	21	21	20	21	17	10	1	13	18	2	11	2	5	4	7	6	16	23	22	2	12	4	17	8	22	19	28	16	13	10	12	19	18	15	2	9	11	29	15	12	7	24	15	20	20	9	5	17	11	11	10	7	16	0	13	15	14	15	5	20	20	5	9	2	4	13	30	9	27	22	12	16	6	9	8	7	15	17	6	4	10	14
6	15	6	13	12	18	9	11	10	14	8	11	6	14	21	12	18	9	10	12	12	19	30	4	23	13	10	5	14	6	15	18	14	12	19	8	10	9	11	21	14	26	9	12	12	15	25	22	4	21	15	9	6	12	17	19	16	7	7	16	11	14	8	7	15	11	11	12	20	3	6	10	13	0	7	23	24	11	11	12	9	14	11	16	5	17	18	14	16	21	22	15	17	12	18	2	6	9	12	11	3
12	22	7	14	13	25	8	13	14	20	14	16	12	13	22	18	17	10	16	6	6	25	36	5	22	15	17	9	15	5	14	17	19	11	18	4	12	16	17	27	13	32	8	18	19	16	31	28	10	27	21	15	12	15	24	26	17	4	14	22	12	20	9	8	14	17	18	11	26	5	9	9	15	7	0	29	30	10	5	19	15	20	14	15	4	18	24	19	23	27	29	21	24	19	22	8	13	10	19	17	4
17	10	28	17	16	7	25	16	16	9	16	15	17	16	25	16	15	25	14	35	35	12	7	24	19	15	13	20	14	25	15	14	10	21	19	30	17	14	13	4	18	3	22	14	11	22	3	2	19	4	10	14	17	14	6	4	20	29	16	7	21	9	21	26	22	12	12	25	3	24	21	29	14	23	29	0	7	19	33	12	14	9	15	17	27	21	5	19	14	6	7	8	10	11	13	21	17	20	11	12	25
19	9	29	17	17	6	26	17	17	10	17	15	18	17	20	12	20	27	15	36	36	5	6	25	25	16	14	22	17	26	17	20	17	22	21	31	18	15	14	10	19	9	23	12	12	23	5	9	21	4	10	15	19	15	7	8	19	30	17	14	22	10	22	27	24	14	13	26	9	25	22	31	15	24	30	7	0	20	35	12	16	10	16	19	28	16	8	12	8	12	2	11	17	12	20	22	18	21	13	13	27
15	16	17	24	3	15	6	3	4	10	4	22	6	3	32	23	7	20	6	16	16	19	26	15	12	5	11	16	5	6	4	7	9	2	8	11	21	20	7	17	3	22	3	20	17	26	21	18	9	17	17	17	13	5	14	16	27	14	10	12	22	14	19	18	4	7	16	6	16	9	5	11	5	11	10	19	20	0	15	19	5	10	4	5	8	28	14	25	21	17	19	11	14	9	12	13	15	2	9	8	13
16	26	12	18	18	29	9	18	18	25	18	20	17	18	26	23	19	14	20	4	10	30	40	10	20	19	21	13	20	9	18	21	24	13	15	4	17	20	21	31	16	36	12	23	23	20	36	32	14	31	25	20	16	20	28	30	21	8	18	26	16	25	13	12	11	21	22	9	31	10	13	4	20	11	5	33	35	15	0	23	19	25	19	16	7	22	29	23	27	31	33	26	28	23	26	13	17	14	23	22	8
7	3	18	5	20	6	16	18	17	9	15	3	13	21	13	5	25	15	17	24	24	7	18	14	30	20	8	10	22	14	22	25	22	20	26	20	7	3	18	15	22	14	17	2	2	12	13	14	10	9	3	4	7	19	12	13	9	19	9	19	10	5	10	16	22	15	3	19	14	14	14	19	20	12	19	12	12	19	23	0	16	12	19	24	17	10	13	7	4	17	10	16	22	13	25	11	6	17	18	11	15
13	14	15	21	4	11	11	3	2	8	2	19	3	5	29	20	10	17	2	21	21	16	21	13	15	5	9	14	6	11	7	10	6	7	11	16	18	18	3	12	6	17	8	18	15	23	17	13	6	12	14	14	11	3	9	11	24	15	8	7	19	11	16	15	8	2	13	11	12	10	7	15	5	9	15	14	16	5	19	16	0	6	3	8	13	25	10	23	18	12	14	7	9	4	9	10	13	6	4	5	11
9	10	19	17	8	7	16	7	7	4	7	15	8	9	25	16	14	17	6	26	26	12	16	15	19	9	5	12	10	16	11	14	10	12	15	21	14	14	7	7	10	12	13	14	11	19	11	8	11	7	10	10	9	7	4	6	20	20	7	7	15	7	12	17	14	4	9	16	6	15	12	21	9	14	20	9	10	10	25	12	6	0	7	12	18	21	4	19	14	7	9	5	10	2	13	12	9	11	7	3	17
15	16	17	24	1	14	10	1	2	10	4	22	6	3	32	23	7	20	2	20	20	19	22	15	12	2	11	16	3	10	4	7	5	6	8	15	21	20	3	13	3	18	7	20	17	26	17	14	9	13	17	17	13	1	10	12	27	14	10	8	22	14	19	18	8	4	16	10	12	9	6	15	2	11	14	15	16	4	19	19	3	7	0	5	12	28	10	25	21	13	15	7	10	6	8	13	15	5	5	8	13
20	21	22	29	4	19	8	6	7	15	9	27	11	3	37	28	3	25	7	18	21	24	24	20	7	4	16	21	4	11	2	5	8	4	3	13	26	25	6	15	2	20	7	25	22	31	20	16	14	15	22	22	18	5	12	14	32	19	15	10	27	19	24	23	5	9	21	8	15	14	10	12	4	16	15	17	19	5	16	24	8	12	5	0	12	33	13	30	26	15	19	10	12	11	10	18	20	7	7	13	18
10	20	11	17	11	23	4	11	12	18	12	15	10	11	25	16	14	13	14	8	9	23	34	9	19	13	15	10	13	3	12	15	17	8	15	3	14	14	15	25	10	30	6	16	17	19	29	26	8	25	19	13	10	13	22	24	20	7	12	20	15	18	12	11	10	15	16	7	24	3	7	5	13	5	4	27	28	8	7	17	13	18	12	12	0	21	22	19	21	25	27	19	22	17	20	6	11	8	17	15	6
13	12	14	5	29	14	25	28	27	18	25	7	23	30	5	5	35	11	27	20	20	11	22	13	40	30	17	12	31	22	32	35	31	29	36	22	7	8	28	25	31	23	26	8	11	8	19	23	20	18	11	12	15	28	21	22	3	15	18	28	6	15	10	12	31	25	13	28	23	20	23	26	30	17	18	21	16	28	22	10	25	21	28	33	21	0	23	4	8	27	14	26	31	22	34	15	13	26	28	20	16
13	11	23	18	11	9	20	11	11	5	11	16	12	11	26	18	12	21	9	30	30	13	12	19	17	10	8	16	9	20	11	12	9	16	14	25	16	15	8	3	13	8	17	15	12	21	7	4	15	5	12	11	13	9	2	2	22	24	11	6	17	8	16	21	18	8	10	20	2	19	16	25	9	18	24	5	8	14	29	13	10	4	10	13	22	23	0	20	15	4	9	3	9	6	12	16	12	15	6	7	21
10	9	18	5	26	12	23	25	24	15	22	4	20	28	9	3	32	15	24	24	24	7	18	14	37	27	14	10	28	20	29	32	28	26	33	20	7	5	25	22	28	20	23	5	8	12	16	20	17	15	9	9	12	26	19	19	7	19	15	26	10	12	10	16	29	22	10	26	21	17	20	24	27	14	19	19	12	25	23	7	23	19	25	30	19	4	20	0	5	24	12	23	29	20	32	13	10	23	25	18	15
11	5	22	9	22	7	19	20	19	11	17	7	15	23	13	5	27	19	19	28	28	3	14	18	32	22	10	14	24	18	24	27	24	22	28	24	11	7	20	17	24	16	19	5	4	16	12	16	13	11	4	8	11	21	14	15	11	23	11	21	14	7	14	20	24	17	5	21	16	18	16	23	22	16	23	14	8	21	27	4	18	14	21	26	21	8	15	5	0	19	7	18	24	15	27	15	10	19	20	13	19
15	15	26	22	14	13	23	14	14	9	14	20	15	14	30	22	13	23	12	33	33	17	9	22	13	13	11	18	12	23	13	10	8	19	17	28	20	19	11	2	16	5	20	19	16	25	8	4	17	9	16	15	15	12	6	5	26	27	14	5	21	12	19	24	20	10	14	23	4	22	19	27	12	21	27	6	12	17	31	17	12	7	13	15	25	27	4	24	19	0	13	6	5	9	8	19	15	18	9	10	23
17	7	28	15	16	4	25	16	15	9	15	13	17	16	19	11	21	25	13	34	34	5	8	24	26	16	12	20	17	24	18	21	17	20	22	30	17	13	14	11	18	9	21	11	10	22	5	9	19	4	8	14	17	14	7	8	17	29	15	14	20	9	20	26	22	12	11	24	9	24	20	29	16	22	29	7	2	19	33	10	14	9	15	19	27	14	9	12	7	13	0	12	17	10	20	21	16	19	14	12	25
13	14	20	21	8	12	17	8	8	8	8	19	9	8	29	21	9	18	6	27	27	16	15	16	14	7	9	14	6	17	8	9	6	13	11	22	19	18	5	6	10	11	14	18	15	24	10	7	12	8	15	14	11	6	5	5	25	21	8	3	20	11	16	18	15	5	13	17	5	16	13	22	6	15	21	8	11	11	26	16	7	5	7	10	19	26	3	23	18	6	12	0	6	4	9	13	13	12	3	6	18
19	20	23	27	11	17	20	11	10	14	10	25	12	11	35	26	10	23	8	29	29	22	13	19	9	9	15	20	9	19	10	7	5	15	13	25	24	24	7	7	13	9	16	24	21	29	13	9	14	14	20	20	17	9	10	10	30	24	14	3	25	17	22	21	17	7	19	19	8	19	15	24	9	17	24	10	17	14	28	22	9	10	10	12	22	31	9	29	24	5	17	6	0	9	3	16	19	14	5	11	20
10	11	18	18	7	8	15	6	5	5	5	16	7	8	26	17	13	15	5	24	24	13	18	14	18	8	6	11	9	14	10	13	9	10	14	20	15	15	6	9	9	14	11	15	12	20	13	10	9	9	11	11	8	6	5	7	21	19	5	6	16	8	13	16	12	3	10	14	8	14	10	19	8	12	19	11	12	9	23	13	4	2	6	11	17	22	6	20	15	9	10	4	9	0	12	11	10	9	6	2	15
22	23	24	30	9	20	18	9	9	17	10	28	12	9	38	29	8	26	8	28	28	25	16	22	7	8	18	23	7	18	8	5	4	14	12	23	27	27	7	10	11	12	15	27	24	32	16	12	15	17	23	23	20	7	13	13	33	22	17	6	28	20	25	24	15	10	22	18	11	17	14	22	7	18	22	13	20	12	26	25	9	13	8	10	20	34	12	32	27	8	20	9	3	12	0	19	22	13	7	14	19
4	14	7	11	14	17	10	13	12	12	10	9	8	15	19	10	20	7	12	14	14	17	28	3	25	15	9	4	16	7	17	20	16	14	21	9	8	8	13	19	16	24	11	10	11	13	23	20	5	19	13	7	4	13	16	18	14	8	6	14	9	12	6	5	16	10	10	13	18	5	8	11	15	2	8	21	22	13	13	11	10	12	13	18	6	15	16	13	15	19	21	13	16	11	19	0	5	11	13	9	5
1	9	12	9	16	12	13	15	14	8	12	7	10	18	17	8	22	9	14	18	18	13	24	8	27	17	4	4	18	10	19	22	18	16	23	14	6	5	15	15	18	20	13	6	6	11	19	16	7	15	9	3	2	16	11	13	12	13	5	16	7	8	4	10	19	12	5	16	14	8	10	14	17	6	13	17	18	15	17	6	13	9	15	20	11	13	12	10	10	15	16	13	19	10	22	5	0	13	15	8	9
13	14	15	22	4	15	6	4	4	11	4	20	4	5	30	21	9	18	6	15	15	17	27	13	14	5	9	14	6	5	6	9	10	3	10	11	19	18	7	18	5	23	2	18	15	24	22	19	7	18	15	15	11	6	14	16	25	12	8	13	20	12	17	16	6	8	14	5	17	7	3	10	6	9	10	20	21	2	14	17	6	11	5	7	8	26	15	23	19	18	19	12	14	9	13	11	13	0	9	8	11
15	16	18	23	6	14	15	6	5	10	5	21	7	6	31	23	7	20	3	24	24	18	18	15	12	4	11	16	4	14	5	7	4	10	8	20	21	20	2	9	8	14	11	20	17	26	13	10	9	10	17	16	13	4	7	7	27	19	10	4	22	13	18	18	12	3	15	14	8	14	10	19	4	12	19	11	13	9	23	18	4	7	5	7	17	28	6	25	20	9	14	3	5	6	7	13	15	9	0	8	15
8	9	16	16	9	8	13	8	7	3	5	14	5	10	24	15	15	14	7	23	23	11	19	12	20	10	4	9	11	13	12	15	11	9	16	18	13	13	8	10	11	15	10	13	10	18	14	11	8	10	9	9	6	8	7	9	19	17	4	8	14	6	11	14	11	5	8	13	9	12	9	18	10	11	17	12	13	8	22	11	5	3	8	13	15	20	7	18	13	10	12	6	11	2	14	9	8	8	8	0	14
8	18	5	11	14	21	10	12	11	17	10	12	9	15	19	15	19	8	12	10	10	22	32	3	24	14	13	5	16	7	16	19	16	14	20	6	9	12	13	23	16	28	11	15	15	14	28	24	6	23	17	12	8	13	20	22	15	4	10	18	10	17	6	6	16	13	14	13	23	4	8	11	14	3	4	25	27	13	8	15	11	17	13	18	6	16	21	15	19	23	25	18	20	15	19	5	9	11	15	14	0
