0	17	18	13	10	12	10	3	1	20	15	23	2	8	17	13	13	7	4	14	13	10	12	9	9	20	7	19	16	15	4	7	10	20	19	12	15	19	18	11	24	15	13	9	7	18	10	9	22	27	13	9	12	6	15	15	16	7	14	16	18	8	5	16	7	4	18	8	22	15	13	15	16	13	16	17	12	10	7	5	6	14	15	7	19	16	6	13	10	18	5	11	17	17	9	14	12	14	22	8	11
17	0	5	7	13	5	27	18	17	17	13	6	15	14	1	16	7	19	20	15	16	7	15	12	9	4	10	16	2	2	18	23	8	18	2	15	13	8	20	19	22	2	10	20	24	2	10	15	5	10	5	25	29	17	13	2	8	17	11	14	4	10	13	19	22	15	20	25	5	4	5	12	2	11	10	33	5	7	20	12	13	3	5	10	9	6	23	30	18	2	22	28	15	16	19	3	9	20	8	22	22
18	5	0	12	17	7	28	19	18	12	13	9	16	16	4	17	6	20	22	20	20	11	19	13	10	8	14	17	6	4	20	25	9	13	6	19	8	13	25	20	17	6	9	21	25	6	15	17	4	9	10	27	30	19	8	5	3	18	9	9	8	11	14	24	23	16	25	26	5	4	6	8	4	15	15	35	7	9	22	13	14	5	9	12	5	11	24	31	19	4	23	29	10	17	20	6	10	22	4	23	24
13	7	12	0	6	6	23	14	13	24	20	10	11	11	8	17	14	15	17	8	9	3	12	13	13	7	7	23	6	9	15	20	11	25	7	8	20	6	14	15	29	6	17	16	20	6	4	13	10	14	2	22	25	14	20	7	15	13	18	21	5	10	9	12	18	11	13	21	9	11	8	19	8	4	3	30	10	5	17	8	9	8	3	7	16	3	19	26	14	8	18	24	22	21	15	6	16	18	15	18	19
10	13	17	6	0	12	19	10	11	29	25	15	10	6	13	23	19	17	12	5	3	7	7	18	18	12	3	28	11	15	13	15	17	30	12	4	25	10	9	11	34	11	22	11	15	11	3	18	15	19	8	17	20	16	25	12	20	9	24	26	10	15	15	7	16	6	8	16	14	17	13	24	13	4	7	25	15	10	17	12	5	14	8	8	22	8	14	21	20	13	14	19	27	27	19	12	22	23	20	13	21
12	5	7	6	12	0	22	13	12	18	14	11	10	10	5	11	8	14	15	14	15	5	14	7	7	9	9	17	5	3	13	18	5	19	7	14	14	7	19	14	23	3	11	15	19	6	9	10	10	15	4	20	24	12	14	4	9	12	12	15	7	5	8	18	17	10	19	20	10	5	2	13	4	10	9	28	4	2	15	7	8	2	4	5	10	5	18	25	13	7	17	23	16	15	14	2	10	15	10	17	17
10	27	28	23	19	22	0	10	10	16	15	33	12	15	27	12	23	8	10	24	20	20	19	15	19	30	17	12	26	25	9	4	20	20	29	19	22	29	24	18	18	25	20	16	10	28	20	12	32	37	23	5	7	10	24	25	26	14	19	20	28	18	14	23	5	13	24	3	32	25	23	21	26	23	26	9	22	20	7	15	14	24	25	17	29	26	7	4	9	28	5	12	19	12	9	24	19	7	32	15	5
3	18	19	14	10	13	10	0	4	23	18	24	3	5	18	16	14	10	3	15	10	11	9	12	12	21	8	22	17	16	7	7	11	23	20	9	18	20	15	8	27	16	16	6	6	19	11	12	23	28	14	8	11	9	18	16	17	4	17	19	19	9	8	13	10	4	15	10	23	16	14	18	17	14	17	16	13	11	10	6	5	15	16	8	20	17	5	12	13	19	7	10	20	20	12	15	15	17	23	5	14
1	17	18	13	11	12	10	4	0	19	15	23	2	9	17	12	13	6	4	14	14	10	13	8	9	20	8	18	16	15	3	7	10	20	19	13	15	19	18	12	24	15	12	10	7	18	10	8	22	27	13	9	12	5	15	15	16	8	13	16	18	8	4	17	6	5	18	8	22	15	13	14	16	13	16	17	12	10	6	5	6	14	15	7	19	16	6	13	9	18	5	11	17	16	9	14	11	13	22	9	10
20	17	12	24	29	18	16	23	19	0	5	21	20	28	16	7	10	13	23	32	32	23	31	11	11	20	26	5	18	15	16	16	13	4	18	31	6	25	37	30	5	18	7	28	23	18	27	11	16	21	22	18	20	14	8	17	10	26	6	4	20	14	15	36	13	23	37	14	17	13	17	5	16	27	27	23	15	19	13	18	25	16	21	22	13	23	19	19	10	16	16	24	3	5	11	18	8	10	16	28	12
15	13	13	20	25	14	15	18	15	5	0	18	15	23	12	4	8	9	19	27	28	19	27	7	7	15	22	4	14	11	12	12	9	5	14	27	7	20	33	26	9	14	5	24	19	14	23	7	17	22	18	14	17	10	9	13	11	22	4	5	16	10	11	31	10	19	33	13	17	10	12	6	12	23	23	22	10	15	9	14	21	12	17	17	14	19	15	18	6	13	12	20	4	4	7	14	4	9	17	23	11
23	6	9	10	15	11	33	24	23	21	18	0	21	20	6	22	11	25	26	11	14	13	21	18	15	3	16	21	7	8	24	29	14	22	4	18	17	5	24	25	26	8	14	26	30	6	14	21	7	5	10	31	35	23	17	8	12	23	15	18	5	16	19	15	28	21	18	31	4	8	11	16	8	11	8	39	11	13	26	18	19	9	8	16	13	7	29	36	24	5	28	34	19	22	25	9	15	26	12	28	28
2	15	16	11	10	10	12	3	2	20	15	21	0	8	15	13	11	7	6	12	13	8	12	9	9	18	7	19	14	13	4	9	8	20	17	12	15	17	18	11	24	13	13	9	9	16	8	9	20	25	11	11	14	6	15	13	14	7	14	16	16	6	5	16	7	4	18	10	20	13	11	15	14	11	14	19	10	8	7	3	6	12	13	5	17	14	8	15	10	16	7	13	17	17	9	12	12	14	20	8	11
8	14	16	11	6	10	15	5	9	28	23	20	8	0	14	21	18	15	6	11	6	8	4	17	17	18	4	27	14	13	12	12	15	28	16	4	23	16	10	5	32	12	21	6	10	15	7	17	19	24	11	11	15	14	23	13	18	3	22	24	16	14	13	8	15	5	10	15	19	15	11	23	13	10	13	19	13	9	15	10	3	12	13	6	20	14	9	16	18	16	12	14	25	25	17	11	20	22	19	8	19
17	1	4	8	13	5	27	18	17	16	12	6	15	14	0	16	6	19	20	16	16	7	15	12	9	4	10	15	2	2	18	23	8	17	2	15	12	9	21	19	21	2	9	20	24	2	11	15	5	10	6	25	29	17	12	2	7	17	11	13	4	10	13	20	22	15	21	25	5	4	5	11	2	11	11	33	5	7	20	12	13	3	5	10	9	7	23	30	18	2	22	28	14	16	19	3	9	20	7	22	22
13	16	17	17	23	11	12	16	12	7	4	22	13	21	16	0	12	6	16	25	26	16	25	5	7	19	20	6	15	14	10	9	8	9	18	25	11	18	30	24	12	14	9	22	16	16	20	5	21	26	15	11	13	7	13	14	14	20	8	9	17	8	8	29	7	17	30	9	21	14	11	9	14	21	20	18	11	13	6	11	18	13	15	15	17	16	13	14	3	17	9	18	7	4	4	13	7	5	20	21	7
13	7	6	14	19	8	23	14	13	10	8	11	11	18	6	12	0	15	16	22	22	13	21	8	5	10	16	11	8	5	14	19	4	11	8	21	6	15	27	20	15	8	3	18	20	8	17	11	9	14	12	21	25	13	6	7	3	16	5	7	10	6	9	26	18	13	27	21	9	3	7	5	6	17	17	29	5	9	16	8	15	6	11	12	6	13	19	26	14	6	18	24	8	12	15	8	5	16	9	18	18
7	19	20	15	17	14	8	10	6	13	9	25	7	15	19	6	15	0	10	19	20	12	19	7	11	22	14	12	18	17	4	5	12	14	21	19	14	21	24	18	18	17	12	16	10	20	14	4	24	29	15	7	10	2	16	17	18	14	11	12	20	10	6	23	3	11	24	6	24	17	15	13	18	15	18	15	14	12	2	7	12	16	17	9	21	18	7	11	3	20	3	12	11	10	3	16	11	7	24	15	4
4	20	22	17	12	15	10	3	4	23	19	26	6	6	20	16	16	10	0	17	12	14	9	12	12	24	10	22	20	18	7	7	13	24	22	9	19	22	14	8	28	18	16	6	4	21	13	12	25	30	17	5	9	9	19	19	19	4	17	20	22	11	8	13	10	6	14	10	25	18	16	18	19	16	19	13	15	13	10	9	8	17	19	10	22	20	4	10	13	22	7	8	21	20	13	17	15	17	25	5	14
14	15	20	8	5	14	24	15	14	32	27	11	12	11	16	25	22	19	17	0	5	9	12	21	21	12	7	31	14	17	16	20	19	32	14	9	27	7	14	16	36	14	25	16	20	14	5	21	17	16	10	22	25	18	27	15	22	14	26	28	12	18	17	4	19	11	8	21	15	19	15	27	16	5	5	30	17	13	19	14	10	16	11	10	24	9	19	26	22	16	19	24	29	29	21	14	24	26	22	18	23
13	16	20	9	3	15	20	10	14	32	28	14	13	6	16	26	22	20	12	5	0	10	7	21	21	13	6	31	14	18	16	17	20	33	15	4	28	10	10	11	37	14	25	12	16	14	6	21	18	18	11	17	21	19	28	15	23	9	27	29	12	18	18	4	19	9	5	19	15	20	16	27	16	5	7	25	18	13	20	15	8	17	11	11	25	10	15	22	23	16	17	20	30	30	22	15	25	26	23	14	24
10	7	11	3	7	5	20	11	10	23	19	13	8	8	7	16	13	12	14	9	10	0	9	12	12	10	4	22	6	8	12	17	10	24	9	9	19	9	14	12	28	5	16	13	17	8	4	12	12	17	3	19	22	11	19	6	14	10	17	20	8	9	8	13	15	8	14	18	12	10	7	18	7	5	6	27	9	4	14	5	6	7	5	4	15	6	16	23	13	8	15	21	21	20	13	5	15	17	14	15	16
12	15	19	12	7	14	19	9	13	31	27	21	12	4	15	25	21	19	9	12	7	9	0	20	20	19	5	30	15	17	15	16	19	32	17	4	27	17	6	4	36	13	24	5	9	16	8	20	20	25	12	14	14	18	27	14	22	5	26	28	17	17	17	8	18	8	6	18	20	19	15	26	15	11	14	18	17	12	19	14	7	16	14	10	24	15	12	15	22	17	16	13	29	29	21	14	24	25	22	7	23
9	12	13	13	18	7	15	12	8	11	7	18	9	17	12	5	8	7	12	21	21	12	20	0	4	15	15	10	11	10	7	12	5	12	14	20	7	14	26	19	16	10	5	17	12	13	16	4	17	22	11	14	17	6	9	10	11	15	6	8	13	3	4	25	10	12	26	13	17	10	8	6	11	16	16	22	7	8	9	7	14	9	10	11	14	12	11	18	6	13	10	16	9	9	7	9	4	9	17	17	11
9	9	10	13	18	7	19	12	9	11	7	15	9	17	9	7	5	11	12	21	21	12	20	4	0	12	15	10	8	7	10	15	2	12	11	20	7	14	26	19	16	7	4	17	15	9	16	7	14	19	11	17	20	9	7	7	7	15	6	8	10	3	5	25	14	12	26	16	14	7	6	6	7	16	16	25	4	8	12	7	14	6	10	11	10	12	14	21	10	10	14	19	9	9	10	7	4	12	13	17	14
20	4	8	7	12	9	30	21	20	20	15	3	18	18	4	19	10	22	24	12	13	10	19	15	12	0	14	19	4	6	22	27	11	20	2	15	15	5	21	22	24	6	13	23	27	3	11	19	5	7	7	29	32	21	15	5	10	20	14	16	2	13	16	16	25	18	18	28	3	7	8	15	5	8	8	37	9	11	24	15	16	7	5	14	12	4	26	33	21	4	25	31	17	19	22	7	12	24	10	25	26
7	10	14	7	3	9	17	8	8	26	22	16	7	4	10	20	16	14	10	7	6	4	5	15	15	14	0	25	10	12	10	13	14	27	12	5	22	12	11	9	31	8	19	10	14	11	3	15	15	20	7	15	19	13	22	9	17	7	21	23	12	12	12	10	13	5	11	15	15	14	10	21	10	6	9	23	12	7	14	9	3	11	9	5	19	10	13	20	17	12	12	18	24	24	16	9	19	20	17	12	18
19	16	17	23	28	17	12	22	18	5	4	21	19	27	15	6	11	12	22	31	31	22	30	10	10	19	25	0	17	14	15	15	12	9	17	30	10	24	36	29	6	17	8	27	22	17	26	10	20	25	21	17	19	13	12	16	14	25	8	9	19	13	14	35	12	22	36	12	20	13	16	9	15	26	26	20	14	18	12	17	24	15	20	21	17	22	18	16	9	17	15	23	7	2	10	17	7	5	20	27	8
16	2	6	6	11	5	26	17	16	18	14	7	14	14	2	15	8	18	20	14	14	6	15	11	8	4	10	17	0	4	18	23	7	19	3	13	14	7	19	18	23	2	11	19	23	2	9	15	6	11	4	25	28	17	14	1	9	16	13	15	2	9	12	18	21	14	19	24	6	6	4	13	2	9	9	33	5	7	20	11	12	3	3	10	11	5	22	29	17	2	21	27	16	16	18	3	11	20	9	21	22
15	2	4	9	15	3	25	16	15	15	11	8	13	13	2	14	5	17	18	17	18	8	17	10	7	6	12	14	4	0	16	21	6	16	4	17	11	10	22	17	20	4	8	18	22	4	12	13	7	12	7	23	27	15	11	3	6	15	9	12	6	8	11	21	20	13	22	23	7	2	3	10	2	13	12	31	3	5	18	10	11	1	7	8	7	8	21	28	16	4	20	26	13	14	17	3	7	18	7	20	20
4	18	20	15	13	13	9	7	3	16	12	24	4	12	18	10	14	4	7	16	16	12	15	7	10	22	10	15	18	16	0	5	11	17	20	15	13	20	21	14	21	16	11	12	7	19	11	5	23	28	15	7	11	3	15	17	17	10	11	13	20	9	6	20	4	7	21	7	23	16	14	12	17	14	17	15	13	11	4	7	9	15	17	8	20	18	5	12	7	20	4	10	14	14	6	15	10	10	23	12	8
7	23	25	20	15	18	4	7	7	16	12	29	9	12	23	9	19	5	7	20	17	17	16	12	15	27	13	15	23	21	5	0	16	17	25	16	18	25	21	15	21	21	16	13	7	24	16	8	28	33	20	2	6	6	20	22	22	11	16	17	25	14	11	20	3	9	21	3	28	21	19	17	22	19	22	10	18	16	3	12	11	20	22	13	25	23	4	7	6	25	2	9	15	13	6	20	15	10	28	12	7
10	8	9	11	17	5	20	11	10	13	9	14	8	15	8	8	4	12	13	19	20	10	19	5	2	11	14	12	7	6	11	16	0	14	10	19	9	12	24	18	18	6	6	16	16	8	14	8	13	18	9	18	21	10	9	6	6	14	7	10	9	2	6	23	15	11	24	17	13	6	4	8	6	15	14	26	3	7	13	5	12	5	9	9	9	10	15	22	11	9	15	20	11	10	11	5	5	13	12	15	15
20	18	13	25	30	19	20	23	20	4	5	22	20	28	17	9	11	14	24	32	33	24	32	12	12	20	27	9	19	16	17	17	14	0	18	32	5	25	38	31	4	19	8	29	24	19	28	12	15	17	23	19	22	15	5	18	10	27	7	4	21	15	16	36	15	24	38	18	18	14	17	6	17	28	28	27	15	20	14	19	26	17	22	22	9	24	20	23	11	17	17	25	3	9	12	19	9	14	12	28	16
19	2	6	7	12	7	29	20	19	18	14	4	17	16	2	18	8	21	22	14	15	9	17	14	11	2	12	17	3	4	20	25	10	18	0	14	13	7	20	21	22	4	11	22	26	2	10	17	3	8	6	27	31	19	13	4	8	19	12	14	3	12	15	18	24	17	20	27	3	5	7	13	4	10	10	35	7	9	22	14	15	5	4	12	10	6	25	32	20	2	24	30	15	18	21	5	11	22	8	24	24
12	15	19	8	4	14	19	9	13	31	27	18	12	4	15	25	21	19	9	9	4	9	4	20	20	15	5	30	13	17	15	16	19	32	14	0	27	14	6	7	36	13	24	8	12	13	5	20	17	22	10	14	17	18	27	14	22	5	26	28	13	17	17	5	18	8	6	18	17	19	15	26	15	8	11	22	17	12	19	14	7	16	10	10	24	11	12	18	22	15	16	16	29	29	21	14	24	25	22	10	23
15	13	8	20	25	14	22	18	15	6	7	17	15	23	12	11	6	14	19	27	28	19	27	7	7	15	22	10	14	11	13	18	9	5	13	27	0	20	33	26	9	14	3	24	19	14	23	10	10	15	18	20	24	12	2	13	5	22	3	2	16	10	11	31	17	19	33	20	13	9	12	2	12	23	23	28	10	15	15	14	21	12	17	17	7	19	18	25	13	12	17	23	4	11	14	14	4	15	10	23	17
19	8	13	6	10	7	29	20	19	25	20	5	17	16	9	18	15	21	22	7	10	9	17	14	14	5	12	24	7	10	20	25	12	25	7	14	20	0	19	21	29	7	18	21	25	7	9	17	10	9	6	27	30	19	20	8	15	19	19	21	5	11	15	11	24	16	13	26	8	12	8	20	9	6	3	35	10	9	22	14	15	9	4	12	17	3	24	31	20	9	24	29	22	22	20	7	17	22	15	23	24
18	20	25	14	9	19	24	15	18	37	33	24	18	10	21	30	27	24	14	14	10	14	6	26	26	21	11	36	19	22	21	21	24	38	20	6	33	19	0	7	42	19	30	9	14	19	10	26	23	28	15	19	17	23	33	20	28	11	31	34	19	23	22	10	24	14	6	24	23	24	21	32	21	13	16	16	23	18	24	19	12	21	16	16	29	17	18	20	27	21	21	13	35	34	27	19	29	31	28	10	28
11	19	20	15	11	14	18	8	12	30	26	25	11	5	19	24	20	18	8	16	11	12	4	19	19	22	9	29	18	17	14	15	18	31	21	7	26	21	7	0	35	17	23	2	8	20	12	19	24	29	15	13	11	17	26	17	21	4	25	27	20	16	16	12	17	7	8	17	24	18	15	25	18	15	18	15	16	12	18	13	6	16	17	9	23	18	11	14	21	20	15	9	28	28	20	16	23	24	24	3	22
24	22	17	29	34	23	18	27	24	5	9	26	24	32	21	12	15	18	28	36	37	28	36	16	16	24	31	6	23	20	21	21	18	4	22	36	9	29	42	35	0	23	12	33	28	23	32	16	19	21	27	23	25	19	9	22	14	31	11	8	25	19	20	40	18	28	42	18	22	18	21	10	21	32	32	26	19	24	18	23	30	21	26	26	13	28	24	22	15	21	21	29	7	8	15	23	13	11	16	32	14
15	2	6	6	11	3	25	16	15	18	14	8	13	12	2	14	8	17	18	14	14	5	13	10	7	6	8	17	2	4	16	21	6	19	4	13	14	7	19	17	23	0	11	18	22	3	9	13	7	12	4	23	27	15	14	1	9	15	13	15	4	8	11	18	20	13	19	23	7	6	3	13	2	9	9	31	4	5	18	10	11	3	3	8	11	5	21	28	16	4	20	26	16	16	17	1	11	18	9	20	20
13	10	9	17	22	11	20	16	12	7	5	14	13	21	9	9	3	12	16	25	25	16	24	5	4	13	19	8	11	8	11	16	6	8	11	24	3	18	30	23	12	11	0	21	17	11	20	8	12	17	15	18	22	10	4	10	6	19	2	4	13	7	8	29	15	16	30	18	12	6	10	2	9	20	20	26	8	12	13	11	18	9	14	15	9	16	16	23	11	9	15	21	5	9	12	11	2	13	12	21	15
9	20	21	16	11	15	16	6	10	28	24	26	9	6	20	22	18	16	6	16	12	13	5	17	17	23	10	27	19	18	12	13	16	29	22	8	24	21	9	2	33	18	21	0	6	20	12	17	25	30	16	11	9	15	24	18	19	3	23	25	21	14	14	12	15	5	9	15	25	18	15	23	18	15	18	14	15	13	16	11	7	17	18	10	21	19	9	12	19	21	13	8	26	26	18	17	21	22	24	2	20
7	24	25	20	15	19	10	6	7	23	19	30	9	10	24	16	20	10	4	20	16	17	9	12	15	27	14	22	23	22	7	7	16	24	26	12	19	25	14	8	28	22	17	6	0	24	16	12	29	34	20	5	5	9	21	22	22	7	17	20	25	14	11	16	10	9	14	10	29	22	19	18	22	19	22	10	19	17	10	12	11	21	22	14	25	23	4	6	13	25	7	4	21	20	13	21	15	17	28	5	14
18	2	6	6	11	6	28	19	18	18	14	6	16	15	2	16	8	20	21	14	14	8	16	13	9	3	11	17	2	4	19	24	8	19	2	13	14	7	19	20	23	3	11	20	24	0	9	16	5	10	5	26	29	18	14	3	9	18	13	15	2	10	14	18	23	15	19	25	5	6	5	13	2	9	9	34	6	8	21	13	14	4	3	11	11	5	23	30	19	2	23	28	16	16	19	4	11	21	9	22	23
10	10	15	4	3	9	20	11	10	27	23	14	8	7	11	20	17	14	13	5	6	4	8	16	16	11	3	26	9	12	11	16	14	28	10	5	23	9	10	12	32	9	20	12	16	9	0	16	13	18	5	18	21	13	23	10	18	10	21	24	9	13	12	9	15	7	10	17	13	14	11	22	11	3	6	26	13	8	14	9	6	11	6	6	19	7	15	22	17	11	15	20	25	24	17	9	19	21	18	14	18
9	15	17	13	18	10	12	12	8	11	7	21	9	17	15	5	11	4	12	21	21	12	20	4	7	19	15	10	15	13	5	8	8	12	17	20	10	17	26	19	16	13	8	17	12	16	16	0	20	25	12	10	14	3	12	14	14	15	8	9	17	6	4	25	7	12	26	10	20	13	11	9	14	16	16	18	10	8	5	7	14	12	14	11	17	15	8	15	3	17	7	13	9	9	4	12	7	5	20	17	7
22	5	4	10	15	10	32	23	22	16	17	7	20	19	5	21	9	24	25	17	18	12	20	17	14	5	15	20	6	7	23	28	13	15	3	17	10	10	23	24	19	7	12	25	29	5	13	20	0	5	9	30	34	22	10	7	7	22	13	12	6	15	18	21	27	20	23	30	3	7	10	12	7	13	13	38	10	12	25	17	18	8	7	15	7	9	28	35	23	4	27	33	14	21	24	8	14	25	5	27	27
27	10	9	14	19	15	37	28	27	21	22	5	25	24	10	26	14	29	30	16	18	17	25	22	19	7	20	25	11	12	28	33	18	17	8	22	15	9	28	29	21	12	17	30	34	10	18	25	5	0	14	35	39	27	13	12	12	27	18	17	9	20	23	20	32	25	22	35	5	12	15	17	12	15	12	43	15	17	30	22	23	13	12	20	9	11	33	40	28	9	32	38	19	26	29	13	19	30	7	32	32
13	5	10	2	8	4	23	14	13	22	18	10	11	11	6	15	12	15	17	10	11	3	12	11	11	7	7	21	4	7	15	20	9	23	6	10	18	6	15	15	27	4	15	16	20	5	5	12	9	14	0	22	25	14	18	5	13	13	16	19	5	8	9	14	18	11	15	21	9	9	6	17	6	6	5	30	8	4	17	8	9	6	2	7	14	3	19	26	14	6	18	24	20	19	15	4	14	17	13	18	19
9	25	27	22	17	20	5	8	9	18	14	31	11	11	25	11	21	7	5	22	17	19	14	14	17	29	15	17	25	23	7	2	18	19	27	14	20	27	19	13	23	23	18	11	5	26	18	10	30	35	22	0	4	8	22	24	24	9	18	19	27	16	13	18	5	11	19	5	30	23	21	19	24	21	24	8	20	18	5	14	13	22	24	15	27	25	3	5	8	27	4	7	17	15	8	22	17	12	30	10	9
12	29	30	25	20	24	7	11	12	20	17	35	14	15	29	13	25	10	9	25	21	22	14	17	20	32	19	19	28	27	11	6	21	22	31	17	24	30	17	11	25	27	22	9	5	29	21	14	34	39	25	4	0	12	26	27	27	12	21	22	30	19	16	21	7	14	17	7	34	27	24	22	27	24	27	5	24	22	9	17	16	26	27	19	30	28	6	3	11	30	7	5	20	17	10	26	20	14	33	8	11
6	17	19	14	16	12	10	9	5	14	10	23	6	14	17	7	13	2	9	18	19	11	18	6	9	21	13	13	17	15	3	6	10	15	19	18	12	19	23	17	19	15	10	15	9	18	13	3	22	27	14	8	12	0	14	16	16	13	10	11	19	8	5	22	5	10	23	8	22	15	13	11	16	14	16	16	12	10	3	6	11	14	16	8	19	17	6	13	4	19	5	11	12	11	4	14	9	8	22	14	5
15	13	8	20	25	14	24	18	15	8	9	17	15	23	12	13	6	16	19	27	28	19	27	9	7	15	22	12	14	11	15	20	9	5	13	27	2	20	33	26	9	14	4	24	21	14	23	12	10	13	18	22	26	14	0	13	5	22	5	4	16	10	11	31	19	19	33	22	13	9	12	4	12	23	23	30	10	15	17	14	21	12	17	17	5	19	20	27	15	12	19	25	6	13	16	14	6	17	8	23	19
15	2	5	7	12	4	25	16	15	17	13	8	13	13	2	14	7	17	19	15	15	6	14	10	7	5	9	16	1	3	17	22	6	18	4	14	13	8	20	17	22	1	10	18	22	3	10	14	7	12	5	24	27	16	13	0	8	15	12	14	3	8	11	19	20	13	20	23	7	5	3	12	1	10	10	32	4	6	19	10	11	2	4	9	10	6	21	28	16	3	20	26	15	15	17	2	10	19	8	20	21
16	8	3	15	20	9	26	17	16	10	11	12	14	18	7	14	3	18	19	22	23	14	22	11	7	10	17	14	9	6	17	22	6	10	8	22	5	15	28	21	14	9	6	19	22	9	18	14	7	12	13	24	27	16	5	8	0	17	7	6	11	8	12	26	21	14	28	23	8	4	7	5	7	18	18	32	5	10	19	11	16	7	12	12	3	14	21	28	17	7	21	26	7	14	17	9	7	19	6	20	21
7	17	18	13	9	12	14	4	8	26	22	23	7	3	17	20	16	14	4	14	9	10	5	15	15	20	7	25	16	15	10	11	14	27	19	5	22	19	11	4	31	15	19	3	7	18	10	15	22	27	13	9	12	13	22	15	17	0	21	23	18	12	12	10	13	3	11	13	22	15	13	21	16	13	16	17	12	10	14	9	4	14	15	7	19	16	7	13	17	18	11	11	24	24	16	14	19	20	22	5	18
14	11	9	18	24	12	19	17	13	6	4	15	14	22	11	8	5	11	17	26	27	17	26	6	6	14	21	8	13	9	11	16	7	7	12	26	3	19	31	25	11	13	2	23	17	13	21	8	13	18	16	18	21	10	5	12	7	21	0	3	15	9	9	30	14	18	31	17	13	7	11	2	11	22	21	26	9	14	13	12	19	10	16	16	10	17	15	22	10	11	14	20	4	8	11	12	2	13	13	22	15
16	14	9	21	26	15	20	19	16	4	5	18	16	24	13	9	7	12	20	28	29	20	28	8	8	16	23	9	15	12	13	17	10	4	14	28	2	21	34	27	8	15	4	25	20	15	24	9	12	17	19	19	22	11	4	14	6	23	3	0	17	11	12	32	15	20	34	18	14	10	13	2	13	24	24	27	11	16	14	15	22	13	18	18	9	20	16	23	11	13	15	21	2	9	12	15	5	14	12	24	16
18	4	8	5	10	7	28	19	18	20	16	5	16	16	4	17	10	20	22	12	12	8	17	13	10	2	12	19	2	6	20	25	9	21	3	13	16	5	19	20	25	4	13	21	25	2	9	17	6	9	5	27	30	19	16	3	11	18	15	17	0	11	14	16	23	16	17	26	4	8	6	15	4	7	7	35	7	9	22	13	14	5	3	12	13	3	24	31	19	4	23	29	18	18	20	5	13	22	11	23	24
8	10	11	10	15	5	18	9	8	14	10	16	6	14	10	8	6	10	11	18	18	9	17	3	3	13	12	13	9	8	9	14	2	15	12	17	10	11	23	16	19	8	7	14	14	10	13	6	15	20	8	16	19	8	10	8	8	12	9	11	11	0	4	22	13	9	23	15	15	8	5	9	8	13	13	24	5	5	11	4	11	7	8	8	11	9	13	20	9	11	13	18	12	12	9	7	7	11	14	14	13
5	13	14	9	15	8	14	8	4	15	11	19	5	13	13	8	9	6	8	17	18	8	17	4	5	16	12	14	12	11	6	11	6	16	15	17	11	15	22	16	20	11	8	14	11	14	12	4	18	23	9	13	16	5	11	11	12	12	9	12	14	4	0	21	9	9	22	12	18	11	9	10	12	13	12	21	8	6	8	3	10	10	11	7	15	12	10	17	5	14	9	15	13	12	6	10	7	9	18	13	10
16	19	24	12	7	18	23	13	17	36	31	15	16	8	20	29	26	23	13	4	4	13	8	25	25	16	10	35	18	21	20	20	23	36	18	5	31	11	10	12	40	18	29	12	16	18	9	25	21	20	14	18	21	22	31	19	26	10	30	32	16	22	21	0	23	13	4	23	19	23	19	31	20	9	9	26	21	17	23	18	11	20	15	14	28	13	17	22	26	20	20	20	33	33	25	18	28	30	26	14	27
7	22	23	18	16	17	5	10	6	13	10	28	7	15	22	7	18	3	10	19	19	15	18	10	14	25	13	12	21	20	4	3	15	15	24	18	17	24	24	17	18	20	15	15	10	23	15	7	27	32	18	5	7	5	19	20	21	13	14	15	23	13	9	23	0	10	24	3	27	20	18	16	21	18	21	12	17	15	2	10	12	19	20	12	24	21	6	8	4	23	3	11	14	11	4	19	14	7	27	15	5
4	15	16	11	6	10	13	4	5	23	19	21	4	5	15	17	13	11	6	11	9	8	8	12	12	18	5	22	14	13	7	9	11	24	17	8	19	16	14	7	28	13	16	5	9	15	7	12	20	25	11	11	14	10	19	13	14	3	18	20	16	9	9	13	10	0	14	10	20	13	10	18	13	10	13	19	10	8	11	6	2	12	13	5	16	14	8	15	14	16	8	13	21	21	13	12	16	17	19	7	15
18	20	25	13	8	19	24	15	18	37	33	18	18	10	21	30	27	24	14	8	5	14	6	26	26	18	11	36	19	22	21	21	24	38	20	6	33	13	6	8	42	19	30	9	14	19	10	26	23	22	15	19	17	23	33	20	28	11	31	34	17	23	22	4	24	14	0	24	20	24	21	32	21	10	10	22	23	18	24	19	12	21	16	16	29	14	18	20	27	21	21	16	35	34	27	19	29	31	28	10	28
8	25	26	21	16	20	3	10	8	14	13	31	10	15	25	9	21	6	10	21	19	18	18	13	16	28	15	12	24	23	7	3	17	18	27	18	20	26	24	17	18	23	18	15	10	25	17	10	30	35	21	5	7	8	22	23	23	13	17	18	26	15	12	23	3	10	24	0	30	23	20	18	23	20	23	9	20	18	5	13	12	22	23	15	26	24	6	5	7	26	3	11	16	11	6	22	16	7	29	15	5
22	5	5	9	14	10	32	23	22	17	17	4	20	19	5	21	9	24	25	15	15	12	20	17	14	3	15	20	6	7	23	28	13	18	3	17	13	8	23	24	22	7	12	25	29	5	13	20	3	5	9	30	34	22	13	7	8	22	13	14	4	15	18	19	27	20	20	30	0	7	10	12	7	10	10	38	10	12	25	17	18	8	7	15	10	6	28	35	23	4	27	33	15	21	24	8	14	25	8	27	27
15	4	4	11	17	5	25	16	15	13	10	8	13	15	4	14	3	17	18	19	20	10	19	10	7	7	14	13	6	2	16	21	6	14	5	19	9	12	24	18	18	6	6	18	22	6	14	13	7	12	9	23	27	15	9	5	4	15	7	10	8	8	11	23	20	13	24	23	7	0	4	8	4	15	14	31	3	7	18	10	12	3	9	9	5	10	21	28	16	4	20	26	11	14	17	5	7	18	7	20	20
13	5	6	8	13	2	23	14	13	17	12	11	11	11	5	11	7	15	16	15	16	7	15	8	6	8	10	16	4	3	14	19	4	17	7	15	12	8	21	15	21	3	10	15	19	5	11	11	10	15	6	21	24	13	12	3	7	13	11	13	6	5	9	19	18	10	21	20	10	4	0	12	3	11	11	29	2	3	16	8	9	2	5	6	9	7	18	25	14	6	18	23	14	14	14	2	9	16	9	17	18
15	12	8	19	24	13	21	18	14	5	6	16	15	23	11	9	5	13	18	27	27	18	26	6	6	15	21	9	13	10	12	17	8	6	13	26	2	20	32	25	10	13	2	23	18	13	22	9	12	17	17	19	22	11	4	12	5	21	2	2	15	9	10	31	16	18	32	18	12	8	12	0	11	22	22	27	10	14	14	13	20	11	16	17	8	18	16	23	12	11	16	21	3	9	12	13	3	14	11	23	16
16	2	4	8	13	4	26	17	16	16	12	8	14	13	2	14	6	18	19	16	16	7	15	11	7	5	10	15	2	2	17	22	6	17	4	15	12	9	21	18	21	2	9	18	22	2	11	14	7	12	6	24	27	16	12	1	7	16	11	13	4	8	12	20	21	13	21	23	7	4	3	11	0	11	11	32	4	6	19	11	12	2	5	9	9	7	21	28	17	3	21	26	14	14	17	2	9	19	7	20	21
13	11	15	4	4	10	23	14	13	27	23	11	11	10	11	21	17	15	16	5	5	5	11	16	16	8	6	26	9	13	14	19	15	28	10	8	23	6	13	15	32	9	20	15	19	9	3	16	13	15	6	21	24	14	23	10	18	13	22	24	7	13	13	9	18	10	10	20	10	15	11	22	11	0	3	29	13	8	16	10	9	12	6	6	20	5	18	25	18	11	18	23	25	25	17	10	20	21	18	17	19
16	10	15	3	7	9	26	17	16	27	23	8	14	13	11	20	17	18	19	5	7	6	14	16	16	8	9	26	9	12	17	22	14	28	10	11	23	3	16	18	32	9	20	18	22	9	6	16	13	12	5	24	27	16	23	10	18	16	21	24	7	13	12	9	21	13	10	23	10	14	11	22	11	3	0	32	13	8	19	11	12	11	6	9	19	4	21	28	17	11	21	26	25	24	17	9	19	21	18	20	21
17	33	35	30	25	28	9	16	17	23	22	39	19	19	33	18	29	15	13	30	25	27	18	22	25	37	23	20	33	31	15	10	26	27	35	22	28	35	16	15	26	31	26	14	10	34	26	18	38	43	30	8	5	16	30	32	32	17	26	27	35	24	21	26	12	19	22	9	38	31	29	27	32	29	32	0	28	26	13	22	21	30	32	23	35	33	11	5	16	35	12	6	25	19	15	30	25	15	38	12	13
12	5	7	10	15	4	22	13	12	15	10	11	10	13	5	11	5	14	15	17	18	9	17	7	4	9	12	14	5	3	13	18	3	15	7	17	10	10	23	16	19	4	8	15	19	6	13	10	10	15	8	20	24	12	10	4	5	12	9	11	7	5	8	21	17	10	23	20	10	3	2	10	4	13	13	28	0	5	15	7	11	2	7	7	7	9	18	25	13	7	17	23	12	12	14	4	7	15	10	17	17
10	7	9	5	10	2	20	11	10	19	15	13	8	9	7	13	9	12	13	13	13	4	12	8	8	11	7	18	7	5	11	16	7	20	9	12	15	9	18	12	24	5	12	13	17	8	8	8	12	17	4	18	22	10	15	6	10	10	14	16	9	5	6	17	15	8	18	18	12	7	3	14	6	8	8	26	5	0	13	5	6	4	6	3	12	7	16	23	11	9	15	21	17	17	12	4	12	13	12	15	15
7	20	22	17	17	15	7	10	6	13	9	26	7	15	20	6	16	2	10	19	20	14	19	9	12	24	14	12	20	18	4	3	13	14	22	19	15	22	24	18	18	18	13	16	10	21	14	5	25	30	17	5	9	3	17	19	19	14	13	14	22	11	8	23	2	11	24	5	25	18	16	14	19	16	19	13	15	13	0	9	12	17	19	10	22	20	7	10	3	22	3	12	12	10	3	17	12	7	25	15	4
5	12	13	8	12	7	15	6	5	18	14	18	3	10	12	11	8	7	9	14	15	5	14	7	7	15	9	17	11	10	7	12	5	19	14	14	14	14	19	13	23	10	11	11	12	13	9	7	17	22	8	14	17	6	14	10	11	9	12	15	13	4	3	18	10	6	19	13	17	10	8	13	11	10	11	22	7	5	9	0	7	9	10	4	14	11	11	18	8	13	10	16	16	15	8	9	10	12	17	10	11
6	13	14	9	5	8	14	5	6	25	21	19	6	3	13	18	15	12	8	10	8	6	7	14	14	16	3	24	12	11	9	11	12	26	15	7	21	15	12	6	30	11	18	7	11	14	6	14	18	23	9	13	16	11	21	11	16	4	19	22	14	11	10	11	12	2	12	12	18	12	9	20	12	9	12	21	11	6	12	7	0	10	11	4	17	12	10	17	15	14	9	15	23	22	15	10	17	19	18	9	16
14	3	5	8	14	2	24	15	14	16	12	9	12	12	3	13	6	16	17	16	17	7	16	9	6	7	11	15	3	1	15	20	5	17	5	16	12	9	21	16	21	3	9	17	21	4	11	12	8	13	6	22	26	14	12	2	7	14	10	13	5	7	10	20	19	12	21	22	8	3	2	11	2	12	11	30	2	4	17	9	10	0	6	7	8	7	20	27	15	5	19	25	14	13	16	2	8	17	8	19	19
15	5	9	3	8	4	25	16	15	21	17	8	13	13	5	15	11	17	19	11	11	5	14	10	10	5	9	20	3	7	17	22	9	22	4	10	17	4	16	17	26	3	14	18	22	3	6	14	7	12	2	24	27	16	17	4	12	15	16	18	3	8	11	15	20	13	16	23	7	9	5	16	5	6	6	32	7	6	19	10	11	6	0	9	14	2	21	28	16	5	20	26	19	19	17	4	14	19	12	20	21
7	10	12	7	8	5	17	8	7	22	17	16	5	6	10	15	12	9	10	10	11	4	10	11	11	14	5	21	10	8	8	13	9	22	12	10	17	12	16	9	26	8	15	10	14	11	6	11	15	20	7	15	19	8	17	9	12	7	16	18	12	8	7	14	12	5	16	15	15	9	6	17	9	6	9	23	7	3	10	4	4	7	9	0	14	10	13	20	12	12	12	18	19	19	11	7	14	16	15	12	13
19	9	5	16	22	10	29	20	19	13	14	13	17	20	9	17	6	21	22	24	25	15	24	14	10	12	19	17	11	7	20	25	9	9	10	24	7	17	29	23	13	11	9	21	25	11	19	17	7	9	14	27	30	19	5	10	3	19	10	9	13	11	15	28	24	16	29	26	10	5	9	8	9	20	19	35	7	12	22	14	17	8	14	14	0	15	24	31	20	9	24	29	10	17	20	10	10	22	3	23	24
16	6	11	3	8	5	26	17	16	23	19	7	14	14	7	16	13	18	20	9	10	6	15	12	12	4	10	22	5	8	18	23	10	24	6	11	19	3	17	18	28	5	16	19	23	5	7	15	9	11	3	25	28	17	19	6	14	16	17	20	3	9	12	13	21	14	14	24	6	10	7	18	7	5	4	33	9	7	20	11	12	7	2	10	15	0	22	29	17	7	21	27	21	20	18	5	15	20	14	21	22
6	23	24	19	14	18	7	5	6	19	15	29	8	9	23	13	19	7	4	19	15	16	12	11	14	26	13	18	22	21	5	4	15	20	25	12	18	24	18	11	24	21	16	9	4	23	15	8	28	33	19	3	6	6	20	21	21	7	15	16	24	13	10	17	6	8	18	6	28	21	18	16	21	18	21	11	18	16	7	11	10	20	21	13	24	22	0	7	10	24	4	5	17	17	9	20	14	13	27	9	11
13	30	31	26	21	25	4	12	13	19	18	36	15	16	30	14	26	11	10	26	22	23	15	18	21	33	20	16	29	28	12	7	22	23	32	18	25	31	20	14	22	28	23	12	6	30	22	15	35	40	26	5	3	13	27	28	28	13	22	23	31	20	17	22	8	15	20	5	35	28	25	23	28	25	28	5	25	23	10	18	17	27	28	20	31	29	7	0	12	31	8	8	21	14	11	27	21	11	34	11	8
10	18	19	14	20	13	9	13	9	10	6	24	10	18	18	3	14	3	13	22	23	13	22	6	10	21	17	9	17	16	7	6	11	11	20	22	13	20	27	21	15	16	11	19	13	19	17	3	23	28	14	8	11	4	15	16	17	17	10	11	19	9	5	26	4	14	27	7	23	16	14	12	17	18	17	16	13	11	3	8	15	15	16	12	20	17	10	12	0	19	6	15	10	7	1	15	10	4	23	18	5
18	2	4	8	13	7	28	19	18	16	13	5	16	16	2	17	6	20	22	16	16	8	17	13	10	4	12	17	2	4	20	25	9	17	2	15	12	9	21	20	21	4	9	21	25	2	11	17	4	9	6	27	30	19	12	3	7	18	11	13	4	11	14	20	23	16	21	26	4	4	6	11	3	11	11	35	7	9	22	13	14	5	5	12	9	7	24	31	19	0	23	29	14	17	20	5	10	22	7	23	24
5	22	23	18	14	17	5	7	5	16	12	28	7	12	22	9	18	3	7	19	17	15	16	10	14	25	12	15	21	20	4	2	15	17	24	16	17	24	21	15	21	20	15	13	7	23	15	7	27	32	18	4	7	5	19	20	21	11	14	15	23	13	9	20	3	8	21	3	27	20	18	16	21	18	21	12	17	15	3	10	9	19	20	12	24	21	4	8	6	23	0	9	14	13	6	19	14	10	27	12	7
11	28	29	24	19	23	12	10	11	24	20	34	13	14	28	18	24	12	8	24	20	21	13	16	19	31	18	23	27	26	10	9	20	25	30	16	23	29	13	9	29	26	21	8	4	28	20	13	33	38	24	7	5	11	25	26	26	11	20	21	29	18	15	20	11	13	16	11	33	26	23	21	26	23	26	6	23	21	12	16	15	25	26	18	29	27	5	8	15	29	9	0	22	22	14	25	19	18	32	6	16
17	15	10	22	27	16	19	20	17	3	4	19	17	25	14	7	8	11	21	29	30	21	29	9	9	17	24	7	16	13	14	15	11	3	15	29	4	22	35	28	7	16	5	26	21	16	25	9	14	19	20	17	20	12	6	15	7	24	4	2	18	12	13	33	14	21	35	16	15	11	14	3	14	25	25	25	12	17	12	16	23	14	19	19	10	21	17	21	10	14	14	22	0	7	10	16	6	12	13	25	14
17	16	17	21	27	15	12	20	16	5	4	22	17	25	16	4	12	10	20	29	30	20	29	9	9	19	24	2	16	14	14	13	10	9	18	29	11	22	34	28	8	16	9	26	20	16	24	9	21	26	19	15	17	11	13	15	14	24	8	9	18	12	12	33	11	21	34	11	21	14	14	9	14	25	24	19	12	17	10	15	22	13	19	19	17	20	17	14	7	17	13	22	7	0	8	15	7	5	20	25	7
9	19	20	15	19	14	9	12	9	11	7	25	9	17	19	4	15	3	13	21	22	13	21	7	10	22	16	10	18	17	6	6	11	12	21	21	14	20	27	20	15	17	12	18	13	19	17	4	24	29	15	8	10	4	16	17	17	16	11	12	20	9	6	25	4	13	27	6	24	17	14	12	17	17	17	15	14	12	3	8	15	16	17	11	20	18	9	11	1	20	6	14	10	8	0	16	10	5	23	17	4
14	3	6	6	12	2	24	15	14	18	14	9	12	11	3	13	8	16	17	14	15	5	14	9	7	7	9	17	3	3	15	20	5	19	5	14	14	7	19	16	23	1	11	17	21	4	9	12	8	13	4	22	26	14	14	2	9	14	12	15	5	7	10	18	19	12	19	22	8	5	2	13	2	10	9	30	4	4	17	9	10	2	4	7	10	5	20	27	15	5	19	25	16	15	16	0	10	17	9	19	19
12	9	10	16	22	10	19	15	11	8	4	15	12	20	9	7	5	11	15	24	25	15	24	4	4	12	19	7	11	7	10	15	5	9	11	24	4	17	29	23	13	11	2	21	15	11	19	7	14	19	14	17	20	9	6	10	7	19	2	5	13	7	7	28	14	16	29	16	14	7	9	3	9	20	19	25	7	12	12	10	17	8	14	14	10	15	14	21	10	10	14	19	6	7	10	10	0	12	13	20	14
14	20	22	18	23	15	7	17	13	10	9	26	14	22	20	5	16	7	17	26	26	17	25	9	12	24	20	5	20	18	10	10	13	14	22	25	15	22	31	24	11	18	13	22	17	21	21	5	25	30	17	12	14	8	17	19	19	20	13	14	22	11	9	30	7	17	31	7	25	18	16	14	19	21	21	15	15	13	7	12	19	17	19	16	22	20	13	11	4	22	10	18	12	5	5	17	12	0	25	22	3
22	8	4	15	20	10	32	23	22	16	17	12	20	19	7	20	9	24	25	22	23	14	22	17	13	10	17	20	9	7	23	28	12	12	8	22	10	15	28	24	16	9	12	24	28	9	18	20	5	7	13	30	33	22	8	8	6	22	13	12	11	14	18	26	27	19	28	29	8	7	9	11	7	18	18	38	10	12	25	17	18	8	12	15	3	14	27	34	23	7	27	32	13	20	23	9	13	25	0	26	27
8	22	23	18	13	17	15	5	9	28	23	28	8	8	22	21	18	15	5	18	14	15	7	17	17	25	12	27	21	20	12	12	15	28	24	10	23	23	10	3	32	20	21	2	5	22	14	17	27	32	18	10	8	14	23	20	20	5	22	24	23	14	13	14	15	7	10	15	27	20	17	23	20	17	20	12	17	15	15	10	9	19	20	12	23	21	9	11	18	23	12	6	25	25	17	19	20	22	26	0	19
11	22	24	19	21	17	5	14	10	12	11	28	11	19	22	7	18	4	14	23	24	16	23	11	14	26	18	8	22	20	8	7	15	16	24	23	17	24	28	22	14	20	15	20	14	23	18	7	27	32	19	9	11	5	19	21	21	18	15	16	24	13	10	27	5	15	28	5	27	20	18	16	21	19	21	13	17	15	4	11	16	19	21	13	24	22	11	8	5	24	7	16	14	7	4	19	14	3	27	19	0
